1,50414	944,032
3,12914	944,291
4,74138	944,732
6,36387	945,405
7,97802	945,864
9,59335	945,966
11,2046	946,001
12,8152	946,003
14,4292	946,011
16,0416	946,048
17,6535	946,178
19,2638	946,584
20,8741	947,361
22,4869	947,792
24,1016	947,994
25,7134	948,069
27,3268	948,163
28,9409	948,518
30,5556	949,130
32,1677	949,744
33,7806	950,036
35,3945	950,081
37,0059	950,085
38,6181	950,306
40,2305	950,930
41,8443	951,701
43,4574	951,997
45,0693	952,111
46,6799	952,136
48,2912	952,246
49,9049	952,837
51,5168	953,519
53,1305	953,972
54,7429	954,102
56,3578	954,153
57,9709	954,164
59,5820	954,202
61,1940	954,486
62,8048	955,176
64,4160	955,881
66,0297	956,169
67,6419	956,277
69,2552	956,634
70,8684	957,391
72,4804	957,983
74,0925	958,209
75,7053	958,234
77,3198	958,254
78,9346	958,324
80,5475	958,636
82,1639	959,193
83,7777	959,946
85,3919	960,211
87,0036	960,280
88,6135	960,305
90,2229	960,468
91,8333	960,990
93,4437	961,661
95,0567	962,169
96,6688	962,286
98,2826	962,318
99,8943	962,339
101,509	962,547
103,121	963,047
104,733	963,683
106,344	964,199
107,958	964,344
109,570	964,393
111,186	964,583
112,799	965,046
114,412	965,734
116,024	966,172
117,635	966,362
119,247	966,395
120,862	966,440
122,474	966,546
124,088	966,886
125,702	967,390
127,316	967,992
128,930	968,243
130,545	968,396
132,159	968,439
133,771	968,459
135,386	968,527
136,999	968,714
138,616	968,990
140,229	969,253
141,843	969,796
143,456	970,136
145,069	970,340
146,681	970,430
148,291	NaN
149,795	NaN
151,297	970,483
152,911	NaN
154,413	970,500
156,028	NaN
157,528	970,500
159,146	NaN
160,647	970,622
162,262	NaN
163,767	970,932
165,388	NaN
166,891	971,475
168,504	NaN
170,006	971,909
171,622	NaN
173,125	972,244
174,741	NaN
176,241	972,415
177,857	NaN
179,359	972,493
180,977	NaN
182,477	972,540
184,093	NaN
185,595	972,603
187,210	NaN
188,712	972,707
190,331	NaN
191,834	972,934
193,449	NaN
194,952	973,087
196,564	NaN
198,065	973,333
199,682	NaN
201,183	973,621
202,797	NaN
204,300	973,882
205,915	NaN
207,416	974,041
209,030	NaN
210,532	974,182
212,146	NaN
213,647	974,384
215,263	NaN
216,764	974,435
218,379	NaN
219,881	974,462
221,495	NaN
222,996	974,535
224,611	NaN
226,113	974,535
227,726	NaN
229,226	974,549
230,841	NaN
232,343	974,545
233,960	NaN
235,461	974,547
237,075	NaN
238,577	974,560
240,194	NaN
241,694	974,574
243,309	NaN
244,810	974,592
246,421	NaN
247,923	974,570
249,542	NaN
251,044	974,572
252,658	NaN
254,160	974,576
255,776	NaN
257,277	974,580
258,892	NaN
260,395	974,598
262,008	NaN
263,511	974,588
265,122	NaN
266,623	974,592
268,237	NaN
269,737	974,602
271,354	NaN
272,856	974,602
274,473	NaN
275,976	974,639
277,590	NaN
279,091	974,633
280,704	NaN
282,206	974,641
283,821	NaN
285,323	974,690
286,943	NaN
288,446	974,698
290,059	NaN
291,563	974,684
293,176	NaN
294,678	974,692
296,294	NaN
297,796	974,709
299,411	NaN
300,915	974,723
302,531	NaN
304,031	974,747
305,647	NaN
307,149	974,739
308,764	NaN
310,266	974,770
311,878	NaN
313,379	974,782
314,994	NaN
316,498	974,786
318,112	NaN
319,616	974,798
321,230	NaN
322,733	974,788
324,348	NaN
325,848	974,851
327,464	NaN
328,966	974,813
330,579	NaN
332,082	974,890
333,696	NaN
335,198	974,874
336,809	NaN
338,311	974,870
339,930	NaN
341,430	974,880
343,046	NaN
344,546	974,882
346,162	NaN
347,663	974,884
349,279	NaN
350,781	974,923
352,396	NaN
353,898	974,913
355,515	NaN
357,017	974,896
358,634	NaN
360,137	974,917
361,751	NaN
363,252	974,970
364,862	NaN
366,363	974,955
367,980	NaN
369,484	974,957
371,097	NaN
372,600	974,933
374,216	NaN
375,716	974,976
377,330	NaN
378,832	974,972
380,446	NaN
381,949	974,990
383,563	NaN
385,065	975,017
386,678	NaN
388,181	975,021
389,797	NaN
391,299	974,988
392,915	NaN
394,415	974,974
396,030	NaN
397,530	975,031
399,146	NaN
400,647	975,013
402,262	NaN
403,765	975,025
405,379	NaN
406,882	975,033
408,495	NaN
409,996	975,008
411,612	NaN
413,113	975,080
414,727	NaN
416,227	975,011
417,841	NaN
419,341	975,002
420,957	NaN
422,459	975,039
424,071	NaN
425,572	975,017
427,187	NaN
428,688	975,023
430,305	NaN
431,806	975,094
433,420	NaN
434,921	975,037
436,536	NaN
438,038	974,996
439,653	NaN
441,156	974,990
442,771	NaN
444,271	975,045
445,889	NaN
447,389	975,037
449,004	NaN
450,507	975,049
452,123	NaN
453,624	974,974
455,240	NaN
456,741	974,994
458,356	NaN
459,857	975,041
461,470	NaN
462,971	975,043
464,585	NaN
466,088	975,039
467,700	NaN
469,202	975,051
470,819	NaN
472,322	975,043
473,935	NaN
475,436	975,108
477,050	NaN
478,552	975,015
480,164	NaN
481,665	975,060
483,281	NaN
484,782	975,104
486,396	NaN
487,897	975,143
489,510	NaN
491,013	975,108
492,626	NaN
494,129	975,094
495,744	NaN
497,247	975,094
498,859	NaN
500,361	975,080
501,976	NaN
503,478	975,172
505,091	NaN
506,593	975,157
508,210	NaN
509,711	975,086
511,328	NaN
512,830	975,176
514,446	NaN
515,947	975,145
517,564	NaN
519,065	975,131
520,680	NaN
522,181	975,184
523,798	NaN
525,299	975,141
526,916	NaN
528,419	975,159
530,037	NaN
531,538	975,174
533,153	NaN
534,656	975,178
536,270	NaN
537,771	975,180
539,386	NaN
540,886	975,166
542,502	NaN
544,005	975,223
545,620	NaN
547,121	975,182
548,735	NaN
550,237	975,231
551,853	NaN
553,355	975,235
554,970	NaN
556,473	975,221
558,090	NaN
559,591	975,290
561,206	NaN
562,709	975,276
564,323	NaN
565,826	975,321
567,439	NaN
568,941	975,331
570,558	NaN
572,060	975,300
573,676	NaN
575,181	975,321
576,793	NaN
578,296	975,415
579,909	NaN
581,411	975,410
583,025	NaN
584,528	975,378
586,143	NaN
587,643	975,421
589,256	NaN
590,758	975,402
592,372	NaN
593,875	975,472
595,490	NaN
596,992	975,506
598,606	NaN
600,107	975,468
601,725	NaN
603,227	975,582
604,841	NaN
606,343	975,529
607,957	NaN
609,458	975,572
611,073	NaN
612,575	975,645
614,190	NaN
615,696	975,568
617,310	NaN
618,812	975,545
620,428	NaN
621,930	975,627
623,543	NaN
625,045	975,645
626,660	NaN
628,162	975,694
629,774	NaN
631,276	975,723
632,890	NaN
634,392	975,704
636,004	NaN
637,505	975,763
639,118	NaN
640,620	975,772
642,236	NaN
643,737	975,735
645,352	NaN
646,852	975,790
648,467	NaN
649,969	975,780
651,584	NaN
653,085	975,821
654,701	NaN
656,201	975,755
657,819	NaN
659,320	975,831
660,938	NaN
662,439	975,880
664,053	NaN
665,555	975,876
667,169	NaN
668,671	975,855
670,287	NaN
671,787	975,886
673,403	NaN
674,905	975,863
676,521	NaN
678,023	975,923
679,637	NaN
681,139	975,965
682,754	NaN
684,256	975,994
685,872	NaN
687,376	975,923
688,990	NaN
690,490	975,984
692,104	NaN
693,605	976,012
695,221	NaN
696,725	976,006
698,339	NaN
699,843	975,963
701,457	NaN
702,959	976,043
704,573	NaN
706,077	976,008
707,692	NaN
709,193	976,029
710,807	NaN
712,309	976,094
713,923	NaN
715,426	976,071
717,041	NaN
718,542	976,165
720,158	NaN
721,660	976,155
723,274	NaN
724,775	976,202
726,388	NaN
727,890	976,163
729,506	NaN
731,007	976,202
732,622	NaN
734,125	976,204
735,740	NaN
737,244	976,202
738,858	NaN
740,360	976,239
741,976	NaN
743,478	976,196
745,091	NaN
746,593	976,202
748,210	NaN
749,711	976,220
751,327	NaN
752,829	934,314
754,441	NaN
755,943	934,227
757,558	NaN
759,061	934,280
760,673	NaN
762,174	934,253
763,792	NaN
765,293	934,188
766,907	NaN
768,411	934,206
770,024	NaN
771,526	934,255
773,141	NaN
774,643	934,304
776,261	NaN
777,764	934,251
779,379	NaN
780,882	934,257
782,498	NaN
784,000	934,718
785,615	NaN
787,117	935,610
788,734	NaN
790,234	935,810
791,849	NaN
793,352	936,083
794,965	NaN
796,467	937,191
798,080	NaN
799,583	937,799
801,199	NaN
802,702	937,828
804,322	NaN
805,823	937,938
807,435	NaN
808,938	938,874
810,556	NaN
812,057	939,790
813,673	NaN
815,175	940,021
816,790	NaN
818,292	940,916
819,906	NaN
821,409	941,808
823,025	NaN
824,526	941,924
826,140	NaN
827,642	942,228
829,255	NaN
830,756	943,387
832,373	NaN
833,876	943,922
835,488	NaN
836,990	944,024
838,605	NaN
840,106	944,877
841,721	NaN
843,224	945,850
844,841	NaN
846,341	946,003
847,958	NaN
849,459	946,005
851,071	NaN
852,572	946,125
854,184	NaN
855,687	947,172
857,300	NaN
858,803	947,965
860,416	NaN
861,917	948,106
863,533	NaN
865,036	948,837
866,648	NaN
868,151	949,906
869,764	NaN
871,266	950,089
872,882	NaN
874,384	950,312
876,000	NaN
877,501	951,499
879,116	NaN
880,619	952,068
882,233	NaN
883,739	952,146
885,353	NaN
886,857	952,664
888,470	NaN
889,972	953,715
891,587	NaN
893,089	954,143
894,704	NaN
896,206	954,178
897,822	NaN
899,324	954,492
900,940	NaN
902,442	955,575
904,054	NaN
905,557	956,145
907,171	NaN
908,672	956,418
910,283	NaN
911,785	957,481
913,397	NaN
914,897	958,175
916,509	NaN
918,010	958,248
919,627	NaN
921,129	958,428
922,745	NaN
924,245	959,372
925,859	NaN
927,361	960,205
928,980	NaN
930,482	960,286
932,096	NaN
933,598	960,549
935,212	NaN
936,715	961,635
938,330	NaN
939,832	962,263
941,446	NaN
942,949	962,324
944,567	NaN
946,069	962,449
947,684	NaN
949,188	963,220
950,803	NaN
952,306	964,157
953,920	NaN
955,421	964,369
957,038	NaN
958,539	964,634
960,153	NaN
961,657	965,668
963,269	NaN
964,774	966,309
966,389	NaN
967,892	966,435
969,506	NaN
971,007	966,788
972,619	NaN
974,121	967,831
975,736	NaN
977,238	968,410
978,854	NaN
980,356	968,480
981,972	NaN
983,473	969,061
985,088	NaN
986,589	970,094
988,203	NaN
989,704	970,457
991,319	NaN
992,821	970,481
994,437	NaN
995,940	970,559
997,556	NaN
999,059	971,318
1000,68	NaN
1002,18	972,246
1003,79	NaN
1005,29	972,495
1006,91	NaN
1008,41	972,891
1010,08	973,452
1011,70	NaN
1013,20	974,378
1014,81	NaN
1016,31	974,560
1017,92	NaN
1019,42	974,615
1021,03	NaN
1022,53	975,315
1024,15	NaN
1025,65	976,249
1027,26	NaN
1028,77	976,608
1030,38	NaN
1031,88	976,628
1033,50	NaN
1035,00	977,053
1036,62	NaN
1038,12	978,097
1039,73	NaN
1041,24	978,583
1042,85	NaN
1044,35	978,658
1045,96	NaN
1047,46	978,703
1049,08	NaN
1050,58	979,268
1052,19	NaN
1053,69	980,360
1055,31	NaN
1056,81	980,666
1058,42	NaN
1059,92	980,788
1061,54	NaN
1063,04	981,452
1064,65	NaN
1066,15	982,443
1067,77	NaN
1069,27	982,721
1070,88	NaN
1072,38	982,794
1074,00	NaN
1075,50	983,322
1077,11	NaN
1078,62	984,361
1080,23	NaN
1081,74	984,759
1083,35	NaN
1084,85	984,789
1086,47	NaN
1087,97	985,061
1089,58	NaN
1091,08	985,967
1092,70	NaN
1094,20	986,656
1095,82	NaN
1097,32	986,803
1098,93	NaN
1100,43	986,832
1102,04	NaN
1103,55	987,125
1105,16	NaN
1106,66	988,150
1108,28	NaN
1109,78	988,760
1111,40	NaN
1112,90	988,927
1114,51	NaN
1116,02	989,457
1117,63	NaN
1119,13	990,404
1120,75	NaN
1122,25	990,853
1123,86	NaN
1125,37	990,892
1126,98	NaN
1128,48	991,016
1130,10	NaN
1131,60	991,816
1133,21	NaN
1134,72	992,665
1136,33	NaN
1137,83	992,918
1139,45	NaN
1140,95	992,981
1142,56	NaN
1144,06	993,587
1145,68	NaN
1147,18	994,554
1148,79	NaN
1150,29	994,931
1151,91	NaN
1153,41	994,972
1155,03	NaN
1156,53	995,005
1158,14	NaN
1159,64	995,317
1161,26	NaN
1162,76	996,321
1164,37	NaN
1165,87	996,918
1167,49	NaN
1168,99	997,029
1170,60	NaN
1172,10	997,265
1173,72	NaN
1175,22	998,151
1176,84	NaN
1178,34	998,824
1179,95	NaN
1181,45	999,040
1183,07	NaN
1184,57	999,138
1186,18	NaN
1187,69	999,675
1189,30	NaN
1190,80	1000,66
1192,42	NaN
1193,92	1001,04
1195,54	NaN
1197,04	1001,11
1198,65	NaN
1200,15	1001,39
1201,76	NaN
1203,27	1002,27
1204,88	NaN
1206,38	1002,95
1207,99	NaN
1209,49	1003,12
1211,11	NaN
1212,61	1003,13
1214,22	NaN
1215,72	1003,22
1217,34	NaN
1218,84	1003,69
1220,45	NaN
1221,96	1004,68
1223,57	NaN
1225,07	1005,08
1226,68	NaN
1228,19	1005,25
1229,80	NaN
1231,30	1005,82
1232,92	NaN
1234,42	1006,61
1236,03	NaN
1237,53	1007,12
1239,15	NaN
1240,65	1007,20
1242,27	NaN
1243,77	1007,28
1245,39	NaN
1246,89	1007,72
1248,50	NaN
1250,00	1008,63
1251,62	NaN
1253,12	1009,18
1254,73	NaN
1256,24	1009,24
1257,85	NaN
1259,36	1009,42
1260,97	NaN
1262,47	1009,98
1264,09	NaN
1265,59	1010,89
1267,20	NaN
1268,70	1011,24
1270,32	NaN
1271,82	1011,28
1273,43	NaN
1274,94	1011,29
1276,55	NaN
1278,05	1011,34
1279,67	NaN
1281,17	1011,81
1282,78	NaN
1284,29	1012,72
1285,90	NaN
1287,40	1013,25
1289,02	NaN
1290,52	1013,34
1292,13	NaN
1293,64	1013,53
1295,25	NaN
1296,75	1014,21
1298,37	NaN
1299,87	1015,07
1301,48	NaN
1302,99	1015,34
1304,60	NaN
1306,10	1015,39
1307,72	NaN
1309,22	1015,59
1310,83	NaN
1312,34	1016,32
1313,95	NaN
1315,46	1017,12
1317,07	NaN
1318,57	1017,38
1320,19	NaN
1321,69	1017,42
1323,30	NaN
1324,81	1017,52
1326,42	NaN
1327,92	1018,20
1329,54	NaN
1331,04	1019,07
1332,66	NaN
1334,16	1019,40
1335,78	NaN
1337,28	1019,45
1338,89	NaN
1340,39	1019,47
1342,01	NaN
1343,51	1019,62
1345,12	NaN
1346,62	1020,41
1348,24	NaN
1349,74	1021,22
1351,36	NaN
1352,86	1021,47
1354,47	NaN
1355,97	1021,60
1357,59	NaN
1359,09	1022,04
1360,70	NaN
1362,20	1022,90
1363,82	NaN
1365,32	1023,43
1366,94	NaN
1368,44	1023,51
1370,05	NaN
1371,55	1023,55
1373,17	NaN
1374,67	1023,74
1376,28	NaN
1377,79	1024,40
1379,40	NaN
1380,90	1025,25
1382,51	NaN
1384,01	1025,53
1385,62	NaN
1387,13	1025,59
1388,74	NaN
1390,24	1025,67
1391,85	NaN
1393,36	1026,16
1394,97	NaN
1396,47	1027,07
1398,09	NaN
1399,59	1027,51
1401,20	NaN
1402,70	1027,61
1404,32	NaN
1405,82	1027,62
1407,43	NaN
1408,94	1027,73
1410,55	NaN
1412,05	1028,14
1413,66	NaN
1415,17	1029,03
1416,78	NaN
1418,28	1029,51
1419,90	NaN
1421,40	1029,65
1423,02	NaN
1424,52	1029,72
1426,13	NaN
1427,64	1030,19
1429,25	NaN
1430,75	1031,00
1432,37	NaN
1433,87	1031,56
1435,48	NaN
1436,98	1031,67
1438,60	NaN
1440,10	1031,73
1441,72	NaN
1443,22	1031,92
1444,83	NaN
1446,33	1032,63
1447,94	NaN
1449,44	1033,41
1451,06	NaN
1452,56	1033,68
1454,18	NaN
1455,68	1033,74
1457,30	NaN
1458,80	1033,89
1460,42	NaN
1461,92	1034,45
1463,53	NaN
1465,03	1035,19
1466,65	NaN
1468,15	1035,67
1469,77	NaN
1471,27	1035,75
1472,88	NaN
1474,38	1035,76
1476,00	NaN
1477,50	1035,79
1479,11	NaN
1480,61	1035,97
1482,23	NaN
1483,73	1036,61
1485,35	NaN
1486,85	1037,39
1488,46	NaN
1489,97	1037,76
1491,58	NaN
1493,08	1037,85
1494,70	NaN
1496,20	1038,07
1497,82	NaN
1499,32	1038,67
1500,94	NaN
1502,44	1039,46
1504,05	NaN
1505,55	1039,79
1507,17	NaN
1508,67	1039,85
1510,29	NaN
1511,79	1039,88
1513,41	NaN
1514,91	1040,07
1516,52	NaN
1518,02	1040,66
1519,64	NaN
1521,14	1041,45
1522,76	NaN
1524,26	1041,81
1525,87	NaN
1527,38	1041,89
1528,99	NaN
1530,49	1041,95
1532,11	NaN
1533,61	1042,26
1535,22	NaN
1536,73	1042,96
1538,34	NaN
1539,84	1043,65
1541,46	NaN
1542,96	1043,87
1544,57	NaN
1546,08	1043,93
1547,69	NaN
1549,19	1043,93
1550,81	NaN
1552,31	1043,95
1553,93	NaN
1555,43	1044,18
1557,05	NaN
1558,55	1044,86
1560,16	NaN
1561,66	1045,64
1563,28	NaN
1564,78	1045,92
1566,40	NaN
1567,90	1045,98
1569,52	NaN
1571,02	1046,11
1572,64	NaN
1574,14	1046,54
1575,77	1046,78
1577,39	1047,21
1579,00	1047,54
1580,62	NaN
1582,12	1047,94
1583,73	NaN
1585,23	1048,00
1586,85	NaN
1588,35	1048,04
1589,97	NaN
1591,47	1048,23
1593,09	NaN
1594,59	1048,81
1596,20	NaN
1597,71	1049,56
1599,32	NaN
1600,83	1049,92
1602,44	NaN
1603,95	1050,05
1605,56	NaN
1607,06	1050,08
1608,68	NaN
1610,18	1050,22
1611,80	NaN
1613,30	1050,69
1614,92	NaN
1616,42	1051,37
1618,04	NaN
1619,54	1051,91
1621,16	NaN
1622,66	1052,07
1624,28	NaN
1625,78	1052,09
1627,39	NaN
1628,90	1052,11
1630,51	NaN
1632,01	1052,23
1633,63	NaN
1635,13	1052,67
1636,75	NaN
1638,25	1053,32
1639,87	NaN
1641,37	1053,91
1642,99	NaN
1644,49	1054,07
1646,10	NaN
1647,61	1054,17
1649,22	NaN
1650,72	1054,43
1652,34	NaN
1653,84	1055,08
1661,77	1056,14
1663,38	NaN
1664,88	1056,16
1666,50	NaN
1668,00	1056,20
1669,61	NaN
1671,12	1056,35
1672,73	NaN
1674,23	1056,82
1675,85	NaN
1677,35	1057,47
1678,97	NaN
1680,47	1058,00
1682,09	1058,13
1683,71	1058,20
1685,32	1058,21
1686,93	NaN
1688,43	1058,26
1690,05	NaN
1691,55	1058,48
1693,17	NaN
1694,67	1059,00
1696,29	NaN
1697,79	1059,66
1699,41	NaN
1700,91	1060,11
1702,52	NaN
1704,03	1060,24
1705,64	NaN
1707,15	1060,24
1708,76	NaN
1710,27	1060,25
1711,88	NaN
1713,39	1060,31
1715,01	NaN
1716,51	1060,50
1718,12	NaN
1719,62	1061,18
1721,24	NaN
1722,74	1061,83
1724,36	NaN
1725,86	1062,18
1727,48	NaN
1728,98	1062,28
1730,60	NaN
1732,10	1062,31
1733,72	NaN
1735,22	1062,47
1736,83	NaN
1738,33	1062,99
1739,95	NaN
1741,45	1063,64
1743,07	NaN
1744,57	1064,15
1746,19	NaN
1747,69	1064,32
1749,31	NaN
1750,81	1064,33
1752,42	NaN
1753,93	1064,40
1755,54	NaN
1757,05	1064,58
1758,66	NaN
1760,16	1065,14
1761,78	NaN
1763,28	1065,79
1764,90	NaN
1766,40	1066,19
1768,02	NaN
1769,52	1066,36
1771,13	NaN
1772,63	1066,37
1774,24	NaN
1775,74	1066,48
1777,36	NaN
1778,86	1066,74
1780,48	NaN
1781,98	1067,32
1783,60	NaN
1785,10	1067,89
1786,72	NaN
1788,23	1068,29
1789,84	NaN
1791,34	1068,40
1792,96	NaN
1794,46	1068,41
1796,08	NaN
1797,58	1068,42
1799,20	NaN
1800,70	1068,44
1802,31	NaN
1803,81	1068,63
1805,43	NaN
1806,93	1069,13
1808,55	NaN
1810,06	1069,78
1811,67	NaN
1813,18	1070,25
1814,79	NaN
1816,29	1070,41
1817,91	NaN
1819,41	1070,47
1821,03	NaN
1822,53	1070,67
1824,15	NaN
1825,65	1070,99
1827,27	NaN
1828,77	1071,61
1830,39	NaN
1831,89	1072,16
1833,51	NaN
1835,01	1072,42
1836,62	NaN
1838,13	1072,49
1839,74	NaN
1841,24	1072,50
1842,86	NaN
1844,37	1072,56
1845,98	NaN
1847,48	1072,75
1849,10	NaN
1850,60	1073,16
1852,22	NaN
1853,72	1073,88
1855,34	NaN
1856,84	1074,28
1858,46	NaN
1859,96	1074,49
1861,58	NaN
1863,08	1074,55
1864,70	NaN
1866,20	1074,54
1867,81	NaN
1869,32	1074,59
1870,94	NaN
1872,44	1074,75
1874,05	NaN
1875,55	1075,19
1877,17	NaN
1878,67	1075,81
1880,29	NaN
1881,79	1076,27
1883,41	NaN
1884,91	1076,49
1886,53	NaN
1888,04	1076,56
1889,65	NaN
1891,15	1076,58
1892,77	NaN
1894,27	1076,58
1895,88	NaN
1897,38	1076,58
1899,00	NaN
1900,51	1076,58
1902,12	NaN
1903,62	1076,65
1905,24	NaN
1906,74	1076,90
1908,36	NaN
1909,86	1077,38
1911,48	NaN
1912,98	1077,95
1914,60	NaN
1916,10	1078,41
1917,71	NaN
1919,22	1078,57
1920,83	NaN
1922,33	1078,61
1923,95	NaN
1925,45	1078,67
1927,07	NaN
1928,57	1078,77
1930,18	NaN
1931,69	1079,11
1933,30	NaN
1934,81	1079,76
1936,42	NaN
1937,92	1080,23
1939,54	NaN
1941,04	1080,53
1942,66	NaN
1944,16	1080,64
1945,78	NaN
1947,29	1080,69
1948,90	NaN
1950,40	1080,85
1952,02	NaN
1953,52	1081,13
1955,13	NaN
1956,64	1081,78
1958,25	NaN
1959,76	1082,24
1961,37	NaN
1962,87	1082,60
1964,49	NaN
1965,99	1082,69
1967,61	NaN
1969,11	1082,70
1970,72	NaN
1972,23	1082,70
1973,85	NaN
1975,35	1082,72
1976,96	NaN
1978,47	1082,83
1980,08	NaN
1981,58	1083,14
1983,20	NaN
1984,70	1083,73
1986,32	NaN
1987,82	1084,22
1989,43	NaN
1990,94	1084,59
1992,55	NaN
1994,05	1084,70
1995,67	NaN
1997,17	1084,73
1998,79	NaN
2000,29	1084,74
2001,91	NaN
2003,42	1084,77
2005,03	NaN
2006,53	1084,92
2008,15	NaN
2009,65	1085,24
2011,27	NaN
2012,77	1085,79
2014,39	NaN
2015,89	1086,36
2017,51	NaN
2019,01	1086,61
2020,63	NaN
2022,13	1086,74
2023,75	NaN
2025,25	1086,87
2026,87	NaN
2028,37	1087,18
2029,99	NaN
2031,49	1087,56
2033,12	NaN
2034,62	1088,15
2036,24	NaN
2037,74	1088,55
2039,36	NaN
2040,86	1088,73
2042,48	NaN
2043,98	1088,80
2045,59	NaN
2047,10	1088,82
2048,71	NaN
2050,22	1088,83
2051,83	NaN
2053,34	1088,90
2054,96	NaN
2056,46	1089,17
2058,08	NaN
2059,58	1089,59
2061,20	NaN
2062,70	1090,15
2064,32	NaN
2065,82	1090,55
2067,44	NaN
2068,94	1090,76
2070,55	NaN
2072,06	1090,83
2073,68	NaN
2075,18	1090,85
2076,80	NaN
2078,30	1090,87
2079,92	NaN
2081,42	1090,88
2083,04	NaN
2084,54	1091,00
2086,15	NaN
2087,66	1091,19
2089,27	NaN
2090,77	1091,73
2092,39	NaN
2093,89	1092,12
2095,51	NaN
2097,01	1092,63
2098,63	NaN
2100,13	1092,80
2101,75	NaN
2103,26	1092,89
2104,88	NaN
2106,38	1092,90
2108,00	NaN
2109,50	1092,90
2111,11	NaN
2112,62	1092,97
2114,23	NaN
2115,73	1093,12
2117,35	NaN
2118,85	1093,49
2120,46	NaN
2121,97	1093,88
2123,59	NaN
2125,09	1094,43
2126,71	NaN
2128,21	1094,76
2129,83	NaN
2131,33	1094,90
2132,95	NaN
2134,45	1094,93
2136,07	NaN
2137,57	1094,96
2139,19	NaN
2140,69	1095,04
2142,30	NaN
2143,81	1095,24
2145,42	NaN
2146,92	1095,64
2148,54	NaN
2150,04	1096,12
2151,66	NaN
2153,16	1096,54
2154,78	NaN
2156,28	1096,83
2157,90	NaN
2159,40	1096,94
2161,02	NaN
2162,52	1096,98
2164,14	NaN
2165,64	1097,07
2167,26	NaN
2168,76	1097,24
2170,37	NaN
2171,87	1097,63
2173,48	NaN
2174,98	1098,12
2176,60	NaN
2178,10	1098,59
2179,72	NaN
2181,22	1098,85
2182,83	NaN
2184,34	1098,98
2185,96	NaN
2187,46	1099,02
2189,07	NaN
2190,58	1099,03
2192,19	NaN
2193,69	1099,15
2195,31	NaN
2196,81	1099,37
2198,43	NaN
2199,93	1099,70
2201,54	NaN
2203,04	1100,23
2204,66	NaN
2206,16	1100,54
2207,78	NaN
2209,28	1100,86
2210,90	NaN
2212,40	1101,00
2214,02	NaN
2215,52	1101,05
2217,14	NaN
2218,64	1101,06
2220,26	NaN
2221,76	1101,05
2223,38	NaN
2224,88	1101,06
2226,50	NaN
2228,00	1101,08
2229,62	NaN
2231,12	1101,13
2232,74	NaN
2234,24	1101,26
2235,86	NaN
2237,37	1101,63
2238,99	NaN
2240,49	1102,04
2242,11	NaN
2243,61	1102,54
2245,23	NaN
2246,73	1102,84
2248,34	NaN
2249,85	1103,03
2251,46	NaN
2252,97	1103,11
2254,58	NaN
2256,09	1103,24
2257,70	NaN
2259,20	1103,42
2260,82	NaN
2262,32	1103,80
2263,95	NaN
2265,45	1104,30
2267,07	NaN
2268,57	1104,71
2270,19	NaN
2271,69	1104,96
2273,31	NaN
2274,81	1105,08
2276,43	NaN
2277,94	1105,13
2279,55	NaN
2281,05	1105,14
2282,67	NaN
2284,17	1105,14
2285,78	NaN
2287,29	1105,22
2288,91	NaN
2290,41	1105,35
2292,03	NaN
2293,53	1105,58
2295,14	NaN
2296,65	1106,02
2298,27	NaN
2299,77	1106,49
2301,39	NaN
2302,89	1106,86
2304,50	NaN
2306,00	1107,05
2307,62	NaN
2309,12	1107,14
2310,74	NaN
2312,24	1107,19
2313,86	NaN
2315,36	1107,17
2316,98	NaN
2318,48	1107,19
2320,10	NaN
2321,60	1107,20
2323,22	NaN
2324,72	1107,26
2326,33	NaN
2327,84	1107,41
2329,45	NaN
2330,96	1107,71
2332,57	NaN
2334,07	1108,10
2335,69	NaN
2337,20	1108,54
2338,81	NaN
2340,31	1108,89
2341,93	NaN
2343,43	1109,13
2345,05	NaN
2346,55	1109,19
2348,16	NaN
2349,66	1109,20
2351,28	NaN
2352,78	1109,22
2354,40	NaN
2355,90	1109,24
2357,52	NaN
2359,02	1109,27
2360,63	NaN
2362,14	1109,38
2363,75	NaN
2365,26	1109,59
2366,87	NaN
2368,38	1109,92
2369,99	NaN
2371,49	1110,29
2373,11	NaN
2374,61	1110,81
2376,23	NaN
2377,73	1111,01
2379,35	NaN
2380,85	1111,18
2382,47	NaN
2383,97	1111,23
2385,58	NaN
2387,09	1111,26
2388,71	NaN
2390,21	1111,30
2391,83	NaN
2393,33	1111,33
2394,95	NaN
2396,45	1111,50
2398,06	NaN
2399,57	1111,78
2401,18	NaN
2402,68	1112,24
2404,30	NaN
2405,80	1112,70
2407,42	NaN
2408,92	1112,99
2410,54	NaN
2412,04	1113,16
2413,66	NaN
2415,16	1113,26
2416,78	NaN
2418,28	1113,31
2419,90	NaN
2421,40	1113,36
2423,02	NaN
2424,52	1113,48
2426,13	NaN
2427,64	1113,69
2429,25	NaN
2430,76	1113,94
2432,37	NaN
2433,87	1114,38
2435,49	NaN
2436,99	1114,83
2438,61	NaN
2440,11	1115,04
2441,73	NaN
2443,23	1115,25
2444,85	NaN
2446,35	1115,31
2447,96	NaN
2449,46	1115,34
2451,08	NaN
2452,58	1115,34
2454,20	NaN
2455,70	1115,34
2457,32	NaN
2458,82	1115,37
2460,44	NaN
2461,94	1115,39
2463,56	NaN
2465,07	1115,47
2466,68	NaN
2468,18	1115,68
2469,80	NaN
2471,30	1116,03
2472,92	NaN
2474,42	1116,37
2476,04	NaN
2477,54	1116,75
2479,16	NaN
2480,66	1117,01
2482,28	NaN
2483,78	1117,24
2485,39	NaN
2486,90	1117,34
2488,51	NaN
2490,02	1117,37
2491,63	NaN
2493,13	1117,37
2494,75	NaN
2496,25	1117,40
2497,87	NaN
2499,38	1117,42
2500,99	NaN
2502,50	1117,44
2504,12	NaN
2505,62	1117,56
2507,24	NaN
2508,74	1117,82
2510,36	NaN
2511,86	1118,20
2513,48	NaN
2514,98	1118,64
2516,59	NaN
2518,10	1118,97
2519,72	NaN
2521,22	1119,17
2522,83	NaN
2524,34	1119,32
2525,95	NaN
2527,45	1119,42
2529,08	NaN
2530,58	1119,49
2532,19	NaN
2533,70	1119,64
2535,32	NaN
2536,82	1119,84
2538,43	NaN
2539,94	1120,17
2541,56	NaN
2543,06	1120,59
2544,68	NaN
2546,18	1120,98
2547,80	NaN
2549,30	1121,21
2550,92	NaN
2552,42	1121,36
2554,04	NaN
2555,54	1121,40
2557,16	NaN
2558,66	1121,45
2560,28	NaN
2561,78	1121,47
2563,40	NaN
2564,90	1121,47
2566,53	NaN
2568,03	1121,48
2569,64	NaN
2571,15	1121,53
2572,76	NaN
2574,26	1121,65
2575,89	NaN
2577,40	1121,92
2579,01	NaN
2580,51	1122,19
2582,13	NaN
2583,63	1122,61
2585,25	NaN
2586,75	1122,94
2588,37	NaN
2589,87	1123,22
2591,49	NaN
2593,00	1123,39
2594,61	NaN
2596,11	1123,47
2597,73	NaN
2599,23	1123,50
2600,84	NaN
2602,35	1123,53
2603,97	NaN
2605,47	1123,53
2607,08	NaN
2608,59	1123,60
2610,20	NaN
2611,70	1123,76
2613,32	NaN
2614,82	1123,94
2616,43	NaN
2617,93	1124,34
2619,54	NaN
2621,04	1124,72
2622,66	NaN
2624,16	1124,99
2625,78	NaN
2627,28	1125,23
2628,89	NaN
2630,40	1125,40
2632,02	NaN
2633,52	1125,53
2635,14	NaN
2636,64	1125,50
2638,25	NaN
2639,75	1125,53
2641,37	NaN
2642,87	1125,54
2644,49	NaN
2645,99	1125,54
2647,61	NaN
2649,11	1125,54
2650,73	NaN
2652,23	1125,54
2653,84	NaN
2655,34	1125,57
2656,96	NaN
2658,46	1125,61
2660,08	NaN
2661,58	1125,68
2663,19	NaN
2664,70	1125,89
2666,31	NaN
2667,81	1126,17
2669,43	NaN
2670,93	1126,54
2672,54	NaN
2674,16	NaN
2675,67	1126,98
2677,29	NaN
2678,79	1127,22
2680,43	NaN
2681,93	1127,43
2683,55	NaN
2685,05	1127,55
2686,66	NaN
2688,16	1127,57
2689,79	NaN
2691,29	1127,59
2692,91	NaN
2694,41	1127,61
2696,03	NaN
2697,53	1127,68
2699,15	NaN
2700,65	1127,73
2702,27	NaN
2703,77	1127,88
2705,38	NaN
2706,88	1128,10
2708,50	NaN
2710,00	1128,51
2711,61	NaN
2713,11	1128,83
2714,72	NaN
2716,22	1129,13
2717,84	NaN
2719,34	1129,32
2720,96	NaN
2722,46	1129,50
2724,07	NaN
2725,57	1129,58
2727,19	NaN
2728,69	1129,60
2730,31	NaN
2731,81	1129,63
2733,42	NaN
2734,92	1129,72
2736,54	NaN
2738,04	1129,78
2739,66	NaN
2741,16	1129,95
2742,77	NaN
2744,28	1130,13
2745,89	NaN
2747,40	1130,49
2749,01	NaN
2750,51	1130,88
2752,13	NaN
2753,63	1131,16
2755,24	NaN
2756,75	1131,40
2758,36	NaN
2759,86	1131,56
2761,47	NaN
2762,97	1131,64
2764,59	NaN
2766,09	1131,62
2767,71	NaN
2769,21	1131,66
2770,83	NaN
2772,33	1131,72
2773,96	NaN
2775,46	1131,71
2777,08	NaN
2778,58	1131,76
2780,19	NaN
2781,69	1131,94
2783,31	NaN
2784,81	1132,13
2786,43	NaN
2787,93	1132,45
2789,54	NaN
2791,04	1132,83
2792,66	NaN
2794,16	1133,09
2795,78	NaN
2797,28	1133,27
2798,90	NaN
2800,40	1133,52
2802,02	NaN
2803,52	1133,63
2805,14	NaN
2806,64	1133,67
2808,26	NaN
2809,76	1133,69
2811,38	NaN
2812,88	1133,69
2814,49	NaN
2816,00	1133,70
2817,62	NaN
2819,12	1133,70
2820,74	NaN
2822,24	1133,70
2823,86	NaN
2825,36	1133,70
2826,98	NaN
2828,48	1133,72
2830,10	NaN
2831,60	1133,74
2833,22	NaN
2834,72	1133,79
2836,34	NaN
2837,84	1133,89
2839,45	NaN
2840,96	1134,05
2842,57	NaN
2844,08	1134,32
2845,70	NaN
2847,20	1134,61
2848,82	NaN
2850,32	1134,96
2851,94	NaN
2853,44	1135,21
2855,06	NaN
2856,56	1135,43
2858,18	NaN
2859,68	1135,60
2861,30	NaN
2862,80	1135,68
2864,42	NaN
2865,92	1135,73
2867,53	NaN
2869,04	1135,80
2870,65	NaN
2872,16	1135,91
2873,77	NaN
2875,28	1136,11
2876,89	NaN
2878,39	1136,22
2880,01	NaN
2881,51	1136,46
2883,13	NaN
2884,64	1136,87
2886,26	NaN
2887,76	1137,07
2889,38	NaN
2890,88	1137,34
2892,50	NaN
2894,00	1137,56
2895,61	NaN
2897,11	1137,66
2898,72	NaN
2900,23	1137,71
2901,84	NaN
2903,35	1137,78
2904,96	NaN
2906,47	1137,77
2908,09	NaN
2909,59	1137,78
2911,20	NaN
2912,71	1137,79
2914,32	NaN
2915,82	1137,80
2917,45	NaN
2918,95	1137,82
2920,56	NaN
2922,06	1137,89
2923,68	NaN
2925,18	1138,00
2926,80	NaN
2928,30	1138,13
2929,92	NaN
2931,42	1138,43
2933,04	NaN
2934,55	1138,60
2936,16	NaN
2937,66	1139,00
2939,28	NaN
2940,78	1139,19
2942,40	NaN
2943,90	1139,42
2945,52	NaN
2947,02	1139,60
2948,64	NaN
2950,14	1139,72
2951,76	NaN
2953,26	1139,79
2954,87	NaN
2956,38	1139,80
2957,99	NaN
2959,50	1139,81
2961,11	NaN
2962,61	1139,82
2964,23	NaN
2965,73	1139,82
2967,35	NaN
2968,85	1139,83
2970,47	NaN
2971,97	1139,83
2973,59	NaN
2975,09	1139,86
2976,71	NaN
2978,21	1139,89
2979,83	NaN
2981,33	1139,94
2982,95	NaN
2984,45	1140,11
2986,06	NaN
2987,56	1140,28
2989,18	NaN
2990,68	1140,45
2992,30	NaN
2993,81	1140,82
2995,42	NaN
2996,93	1141,15
2998,54	NaN
3000,05	1141,37
3001,66	NaN
3003,17	1141,55
3004,78	NaN
3006,29	1141,71
3007,91	NaN
3009,41	1141,78
3011,03	NaN
3012,53	1141,82
3014,15	NaN
3015,65	1141,85
3017,26	NaN
3018,76	1141,84
3020,38	NaN
3021,88	1141,86
3023,49	NaN
3024,99	1141,86
3026,61	NaN
3028,11	1141,87
3029,73	NaN
3031,23	1141,87
3032,84	NaN
3034,35	1141,88
3035,96	NaN
3037,46	1141,91
3039,08	NaN
3040,58	1141,99
3042,21	NaN
3043,71	1142,06
3045,33	NaN
3046,83	1142,22
3048,44	NaN
3049,95	1142,43
3051,56	NaN
3053,07	1142,63
3054,68	NaN
3056,19	1143,05
3057,80	NaN
3059,31	1143,27
3060,92	NaN
3062,43	1143,46
3064,05	NaN
3065,55	1143,70
3067,17	NaN
3068,68	1143,74
3070,29	NaN
3071,80	1143,83
3073,41	NaN
3074,91	1143,86
3076,53	NaN
3078,03	1143,90
3079,65	NaN
3081,15	1143,90
3082,77	NaN
3084,27	1143,93
3085,89	NaN
3087,40	1143,96
3089,01	NaN
3090,51	1143,99
3092,13	NaN
3093,63	1144,05
3095,25	NaN
3096,75	1144,22
3098,37	NaN
3099,87	1144,37
3101,49	NaN
3102,99	1144,59
3104,61	NaN
3106,11	1144,80
3107,73	NaN
3109,23	1145,09
3110,85	NaN
3112,35	1145,37
3113,97	NaN
3115,48	1145,57
3117,09	NaN
3118,60	1145,74
3120,22	NaN
3121,73	1145,83
3123,34	NaN
3124,85	1145,87
3126,46	NaN
3127,96	1145,92
3129,58	1145,93
3131,20	1145,95
3132,82	1145,95
3134,43	1145,99
3136,05	1145,99
3137,67	1146,00
3139,29	1146,02
3140,91	1146,05
3142,52	1146,15
3144,14	1146,17
3145,75	1146,24
3147,37	1146,35
3148,98	1146,45
3150,60	1146,60
3152,22	1146,76
3153,84	1146,86
3155,46	1147,05
3157,07	1147,08
3158,69	1147,20
3160,30	1147,26
3161,92	1147,41
3163,54	1147,48
3165,16	1147,61
3166,77	1147,67
3168,39	1147,80
3170,00	1147,82
3171,62	1147,88
3173,24	1147,89
3174,85	1147,94
3176,46	1147,94
3178,08	1147,97
3179,70	1147,96
3181,31	1148,00
3182,93	1147,97
3184,55	1147,98
3186,16	1147,98
3187,78	1147,99
3189,40	1147,98
3191,01	1147,99
3192,63	1147,99
3194,25	1147,99
3195,87	1147,98
3197,49	1148,01
3199,10	1148,00
3200,72	1148,01
3202,34	1148,06
3203,96	1148,02
3205,57	1148,09
3207,19	1148,12
3208,80	1148,16
3210,42	1148,25
3212,04	1148,31
3213,65	1148,35
3215,27	1148,44
3216,89	1148,61
3218,50	1148,70
3220,12	1148,88
3221,74	1149,06
3223,36	1149,07
3224,97	1149,17
3226,59	1149,38
3228,20	1149,47
3229,82	1149,48
3231,44	1149,61
3233,06	1149,63
3234,68	1149,75
3236,30	1149,81
3237,91	1149,85
3239,53	1149,93
3241,15	1149,93
3242,77	1149,95
3244,39	1149,97
3246,01	1149,99
3247,62	1150,01
3249,24	1150,01
3250,86	1150,02
3252,47	1150,02
3254,09	1150,01
3255,71	1150,02
3257,33	1150,02
3258,95	1150,03
3260,57	1150,05
3262,19	1150,03
3263,81	1150,04
3265,42	1150,04
3267,04	1150,05
3268,66	1150,10
3270,28	1150,10
3271,90	1150,13
3273,52	1150,13
3275,14	1150,21
3276,75	1150,29
3278,37	1150,32
3279,99	1150,41
3281,61	1150,44
3283,22	1150,63
3284,84	1150,79
3286,45	1150,82
3288,07	1151,00
3289,68	1151,09
3291,30	1151,22
3292,92	1151,30
3294,53	1151,42
3296,15	1151,51
3297,77	1151,67
3299,39	1151,74
3301,01	1151,79
3302,62	1151,86
3304,24	1151,90
3305,86	1151,93
3307,47	1151,99
3309,09	1152,02
3310,70	1152,05
3312,32	1152,03
3313,93	1152,07
3315,55	1152,08
3317,17	1152,10
3318,78	1152,12
3320,40	1152,16
3322,01	1152,20
3323,63	1152,25
3325,24	1152,28
3326,86	1152,37
3328,47	1152,39
3330,09	1152,46
3331,71	1152,67
3333,33	1152,63
3334,95	1152,72
3336,56	1152,94
3338,18	1152,99
3339,79	1153,13
3341,41	1153,24
3343,02	1153,28
3344,64	1153,39
3346,28	1153,56
3347,89	1153,60
3349,51	1153,68
3351,13	1153,79
3352,74	1153,85
3354,36	1153,91
3355,98	1153,93
3357,59	1154,01
3359,21	1154,03
3360,83	1154,03
3362,45	1154,09
3364,06	1154,06
3365,68	1154,07
3367,30	1154,07
3368,92	1154,10
3370,53	1154,09
3372,15	1154,09
3373,77	1154,10
3375,39	1154,12
3377,00	1154,12
3378,62	1154,12
3380,24	1154,11
3381,85	1154,14
3383,47	1154,13
3385,09	1154,15
3386,70	1154,14
3388,32	1154,16
3389,93	1154,18
3391,55	1154,27
3393,16	1154,27
3394,78	1154,32
3396,39	1154,39
3398,01	1154,43
3399,62	1154,53
3401,24	1154,63
3402,85	1154,61
3404,47	1154,79
3406,09	1154,83
3407,70	1154,94
3409,32	1155,06
3410,94	1155,20
3412,55	1155,22
3414,17	1155,36
3415,78	1155,44
3417,39	1155,60
3419,01	1155,65
3420,62	1155,77
3422,24	1155,78
3423,85	1155,85
3425,46	1155,95
3427,08	1156,00
3428,69	1156,03
3430,31	1156,01
3431,92	1156,06
3433,54	1156,11
3435,15	1156,10
3436,77	1156,09
3438,39	1156,14
3440,00	1156,14
3441,62	1156,13
3443,24	1156,14
3444,86	1156,11
3446,47	1156,14
3448,09	1156,14
3449,70	1156,14
3451,32	1156,14
3452,94	1156,14
3454,55	1156,14
3456,17	1156,14
3457,79	1156,17
3459,40	1156,16
3461,01	1156,15
3462,63	1156,17
3464,24	1156,18
3465,86	1156,19
3467,47	1156,22
3469,09	1156,22
3470,71	1156,27
3472,32	1156,30
3473,93	1156,31
3475,55	1156,40
3477,17	1156,50
3478,79	1156,52
3480,40	1156,54
3482,01	1156,62
3483,63	1156,73
3485,24	1156,73
3486,86	1156,89
3488,48	1157,02
3490,09	1157,09
3491,71	1157,18
3493,33	1157,36
3494,94	1157,40
3496,55	1157,57
3498,17	1157,64
3499,78	1157,70
3501,40	1157,83
3503,03	1157,85
3504,64	1157,94
3506,26	1157,97
3507,87	1158,02
3509,49	1158,05
3511,11	1158,10
3512,72	1158,10
3514,34	1158,13
3515,96	1158,15
3517,57	1158,16
3519,19	1158,17
3520,81	1158,15
3522,43	1158,16
3524,05	1158,17
3525,66	1158,18
3527,28	1158,18
3528,89	1158,19
3530,51	1158,20
3532,13	1158,19
3533,75	1158,20
3535,37	1158,21
3536,99	1158,19
3538,60	1158,21
3540,22	1158,20
3541,84	1158,21
3543,45	1158,23
3545,06	1158,23
3546,68	1158,26
3548,30	1158,28
3549,92	1158,32
3551,53	1158,35
3553,15	1158,41
3554,77	1158,45
3556,38	1158,47
3558,00	1158,61
3559,62	1158,65
3561,24	1158,74
3562,86	1158,79
3564,47	1158,87
3566,09	1159,04
3567,70	1159,10
3569,32	1159,23
3570,94	1159,29
3572,56	1159,43
3574,18	1159,55
3575,80	1159,61
3577,41	1159,70
3579,03	1159,75
3580,65	1159,89
3582,26	1159,92
3583,88	1159,96
3585,50	1160,04
3587,12	1160,05
3588,74	1160,08
3590,35	1160,11
3591,97	1160,13
3593,58	1160,17
3595,20	1160,19
3596,82	1160,20
3598,44	1160,20
3600,06	1160,21
3601,67	1160,22
3603,29	1160,22
3604,91	1160,22
3606,53	1160,23
3608,15	1160,22
3609,77	1160,23
3611,38	1160,23
3613,00	1160,24
3614,61	1160,25
3616,23	1160,24
3617,85	1160,26
3619,47	1160,28
3621,09	1160,30
3622,70	1160,33
3624,32	1160,35
3625,94	1160,37
3627,56	1160,44
3629,17	1160,43
3630,79	1160,52
3632,41	1160,60
3634,03	1160,70
3635,65	1160,74
3637,26	1160,81
3638,88	1160,91
3640,50	1160,95
3642,12	1161,08
3643,73	1161,21
3645,35	1161,28
3646,96	1161,39
3648,58	1161,44
3650,20	1161,61
3651,82	1161,67
3653,43	1161,33
3655,05	1160,29
3656,66	1159,28
3658,28	1158,17
3659,89	1156,74
3661,51	1156,14
3663,12	1155,27
3664,74	1154,11
3666,36	1153,92
3667,97	1152,56
3669,59	1151,81
3671,21	1156,15
3672,83	1175,73
3674,44	1188,64
3676,06	1194,73
3677,68	1198,96
3679,30	1200,91
3680,91	1202,96
3682,53	1203,70
3684,15	1205,11
3685,77	1206,46
3687,39	1207,15
3689,01	1207,33
3690,63	1209,08
3692,24	1209,52
3693,86	1211,19
3695,48	1212,16
3697,10	1213,27
3698,72	1213,71
3700,33	1215,27
3701,95	1215,38
3703,56	1216,76
3705,18	1217,39
3706,79	1218,74
3708,40	1219,39
3710,01	1219,52
3711,63	1220,86
3713,24	1221,42
3714,85	1221,48
3716,47	1222,58
3718,09	1223,43
3719,70	1223,46
3721,31	1223,79
3722,93	1224,84
3724,54	1225,51
3726,15	1225,62
3727,77	1226,24
3729,38	1227,27
3730,99	1227,54
3732,61	1227,81
3734,23	1228,71
3735,84	1229,48
3737,46	1229,59
3739,07	1229,75
3740,68	1230,46
3742,30	1231,38
3743,92	1231,60
3745,53	1231,61
3747,14	1231,72
3748,75	1232,00
3750,36	1232,51
3751,97	1233,15
3753,58	1233,57
3755,19	1233,96
3756,80	1234,37
3758,41	1234,97
3760,02	1235,33
3761,63	1235,61
3763,24	1235,71
3764,85	1235,92
3766,46	1236,31
3768,07	1236,87
3769,68	1237,27
3771,28	1237,57
3772,89	1237,65
3774,50	1237,77
3776,11	1238,00
3777,72	1238,24
3779,33	1238,71
3780,94	1239,16
3782,55	1239,56
3784,16	1239,71
3785,77	1239,76
3787,38	1239,88
3788,99	1240,01
3790,60	1240,21
3792,21	1240,45
3793,82	1241,01
3795,42	1241,30
3797,03	1241,59
3798,64	1241,78
3800,26	1242,04
3801,86	1242,12
3803,47	1242,45
3805,08	1242,91
3806,69	1243,33
3808,30	1243,55
3809,91	1243,76
3811,52	1243,95
3813,14	1244,17
3814,75	1244,42
3816,36	1244,90
3817,97	1245,19
3819,58	1245,54
3821,19	1245,69
3822,80	1245,80
3824,41	1245,90
3826,02	1245,99
3827,63	1246,16
3829,24	1246,40
3830,85	1246,72
3832,46	1247,11
3834,07	1247,31
3835,68	1247,56
3837,29	1247,76
3838,90	1247,87
3840,51	1247,94
3842,12	1248,01
3843,73	1248,08
3845,34	1248,23
3846,95	1248,37
3848,56	1248,59
3850,17	1248,92
3851,78	1249,22
3853,39	1249,58
3855,00	1249,82
3856,61	1249,97
3858,22	1250,21
3859,83	1250,44
3861,57	1250,66
3863,18	1250,95
3864,79	1251,13
3866,41	1251,47
3868,02	1251,69
3869,63	1251,81
3871,24	1251,90
3872,85	1251,95
3874,46	1252,08
3876,07	1252,16
3877,68	1252,24
3879,29	1252,38
3880,90	1252,59
3882,51	1252,87
3884,12	1253,04
3885,73	1253,41
3887,34	1253,58
3888,96	1253,82
3890,56	1253,91
3892,18	1254,04
3893,79	1254,15
3895,40	1254,29
3897,01	1254,36
3898,62	1254,49
3900,23	1254,79
3901,84	1254,99
3903,45	1255,26
3905,06	1255,53
3906,67	1255,68
3908,28	1255,87
3909,89	1255,99
3911,50	1256,04
3913,11	1256,04
3914,72	1256,09
3916,33	1256,14
3917,94	1256,19
3919,55	1256,37
3921,16	1256,29
3922,77	1256,47
3924,38	1256,69
3925,99	1256,84
3927,60	1257,15
3929,21	1257,40
3930,82	1257,54
3932,43	1257,82
3934,04	1257,84
3935,65	1257,98
3937,26	1258,11
3938,87	1258,15
3940,48	1258,26
3942,09	1258,35
3943,70	1258,54
3945,31	1258,64
3947,21	1258,88
3948,82	1259,07
3950,43	1259,25
3952,04	1259,53
3953,65	1259,70
3955,26	1259,80
3956,87	1259,99
3958,80	1260,05
3960,41	1260,20
3962,02	1260,29
3963,63	1260,33
3965,24	1260,52
3966,85	1260,67
3968,46	1260,92
3970,07	1261,16
3971,68	1261,27
3973,29	1261,54
3974,90	1261,68
3976,51	1261,96
3978,12	1262,04
3979,73	1262,08
3981,34	1262,16
3982,95	1262,22
3984,56	1262,30
3986,17	1262,41
3987,78	1262,46
3989,39	1262,50
3991,00	1262,72
3992,61	1262,83
3994,22	1263,23
3995,83	1263,45
3997,44	1263,63
3999,05	1263,82
4000,66	1263,96
4002,27	1264,14
4003,88	1264,18
4005,49	1264,26
4007,10	1264,28
4008,70	1264,31
4010,31	1264,38
4011,92	1264,57
4013,53	1264,72
4015,14	1265,08
4016,75	1265,51
4018,36	1265,81
4019,97	1266,03
4021,58	1266,29
4023,19	1266,48
4024,80	1266,80
4026,41	1267,27
4028,02	1267,78
4029,63	1268,07
4031,24	1268,27
4032,85	1268,42
4034,47	1268,51
4036,07	1268,96
4037,68	1269,18
4039,29	1269,85
4040,90	1270,21
4042,51	1270,33
4044,12	1270,43
4045,73	1270,72
4047,34	1271,07
4048,95	1271,40
4050,56	1271,76
4052,17	1272,12
4053,78	1272,31
4055,38	1272,36
4056,99	1272,40
4058,60	1272,45
4060,22	1272,48
4061,82	1272,56
4063,43	1272,67
4065,04	1273,02
4066,65	1273,46
4068,26	1273,93
4069,87	1274,15
4071,48	1274,37
4073,09	1274,46
4074,70	1274,58
4076,30	1274,81
4077,91	1275,16
4079,52	1275,57
4081,13	1275,91
4082,74	1276,28
4084,35	1276,46
4085,96	1276,71
4087,57	1276,98
4089,18	1277,26
4090,79	1277,81
4092,40	1278,20
4094,01	1278,38
4095,62	1278,53
4097,23	1278,58
4098,84	1278,72
4100,45	1278,88
4102,06	1279,16
4103,67	1279,71
4105,28	1280,02
4106,89	1280,36
4108,50	1280,51
4110,11	1280,55
4111,72	1280,63
4113,33	1280,75
4114,94	1280,91
4116,55	1281,39
4118,16	1281,80
4119,77	1282,18
4121,38	1282,45
4122,98	1282,67
4124,60	1282,94
4126,21	1283,25
4127,82	1283,71
4129,43	1284,08
4131,04	1284,40
4132,65	1284,57
4134,25	1284,66
4135,86	1284,71
4137,48	1284,84
4139,09	1285,01
4140,70	1285,40
4142,31	1285,89
4143,92	1286,28
4145,52	1286,46
4147,14	1286,63
4148,75	1286,72
4150,36	1286,80
4151,97	1286,96
4153,58	1287,19
4155,19	1287,54
4156,80	1287,94
4158,41	1288,28
4160,02	1288,55
4161,63	1288,65
4163,24	1288,73
4164,85	1288,78
4166,46	1288,86
4168,07	1288,96
4169,68	1289,21
4171,29	1289,58
4172,90	1290,02
4174,51	1290,37
4176,12	1290,61
4177,73	1290,77
4179,34	1290,90
4180,95	1291,12
4182,55	1291,36
4184,16	1291,72
4185,77	1292,17
4187,38	1292,50
4188,99	1292,76
4190,60	1292,88
4192,21	1293,11
4193,82	1293,58
4195,43	1294,00
4197,04	1294,52
4198,65	1294,79
4200,26	1294,90
4201,87	1295,10
4203,48	1295,45
4205,09	1295,94
4206,70	1296,49
4208,31	1296,78
4209,92	1296,91
4211,53	1296,94
4213,14	1297,06
4214,75	1297,48
4216,35	1298,15
4217,96	1298,68
4219,57	1299,02
4221,18	1299,42
4222,79	1300,05
4224,40	1300,67
4226,01	1300,95
4227,62	1301,08
4229,23	1301,47
4230,84	1302,29
4232,45	1302,80
4234,06	1303,03
4235,66	1303,36
4237,27	1304,14
4238,88	1304,80
4240,49	1305,05
4242,10	1305,14
4243,71	1305,42
4245,31	1306,26
4246,92	1306,93
4248,53	1307,25
4250,14	1307,85
4251,75	1308,73
4253,36	1309,15
4254,97	1309,60
4256,58	1310,58
4258,19	1311,06
4259,80	1311,24
4261,41	1311,82
4263,02	1312,75
4264,63	1313,16
4266,24	1313,32
4267,85	1314,00
4269,46	1315,05
4271,07	1315,63
4272,67	1316,66
4274,28	1317,25
4275,89	1317,45
4277,50	1318,26
4279,11	1319,17
4280,72	1319,51
4282,33	1320,25
4283,94	1321,13
4285,55	1321,38
4287,16	1321,62
4288,77	1322,64
4290,38	1323,32
4291,99	1323,80
4293,60	1324,82
4295,21	1325,49
4296,82	1326,22
4298,43	1327,29
4300,03	1327,63
4301,64	1328,05
4303,25	1329,19
4304,86	1329,56
4306,47	1329,87
4308,08	1330,87
4309,69	1331,69
4311,30	1332,73
4312,91	1333,51
4314,52	1333,74
4316,13	1334,32
4317,74	1335,40
4319,35	1335,69
4320,96	1336,06
4322,57	1337,08
4324,18	1337,64
4325,79	1337,73
4327,40	1337,78
4329,01	1338,43
4330,62	1339,44
4332,23	1339,75
4333,84	1340,39
4335,45	1341,50
4337,05	1341,78
4338,67	1342,35
4340,28	1343,41
4341,89	1343,73
4343,50	1344,01
4345,11	1344,78
4346,72	1345,63
4348,33	1345,86
4349,94	1346,26
4351,55	1347,23
4353,16	1348,20
4354,77	1349,05
4356,38	1349,84
4357,99	1350,10
4359,60	1351,12
4361,21	1351,88
4362,82	1352,17
4364,43	1353,30
4366,04	1353,95
4367,65	1354,24
4369,26	1355,54
4370,87	1356,05
4372,47	1357,35
4374,08	1358,06
4375,69	1358,61
4377,30	1359,89
4378,91	1360,50
4380,52	1361,75
4382,13	1362,21
4383,74	1362,76
4385,35	1363,99
4386,96	1364,62
4388,57	1365,86
4390,18	1366,37
4391,79	1366,60
4393,40	1368,24
4395,01	1368,87
4396,62	1370,01
4398,23	1370,35
4399,84	1370,74
4401,45	1372,20
4403,06	1372,61
4404,67	1373,96
4406,27	1374,53
4407,88	1375,03
4409,49	1376,39
4411,10	1377,00
4412,71	1378,12
4414,32	1378,51
4415,93	1379,16
4417,54	1380,30
4419,15	1381,16
4420,76	1382,30
4422,36	1382,65
4423,97	1382,93
4425,58	1384,44
4427,19	1384,84
4428,80	1386,23
4430,41	1386,68
4432,02	1386,91
4433,63	1388,08
4435,24	1388,70
4436,85	1389,46
4438,46	1390,58
4440,07	1390,96
4441,68	1392,14
4443,29	1392,74
4444,90	1393,36
4446,51	1394,54
4448,12	1394,82
4449,73	1395,03
4451,34	1396,26
4452,95	1396,86
4454,55	1397,40
4456,16	1398,68
4457,78	1398,99
4459,39	1399,84
4460,99	1400,86
4462,60	1401,25
4464,21	1402,15
4465,82	1402,91
4467,43	1403,11
4469,04	1404,16
4470,65	1404,90
4472,26	1405,34
4473,87	1406,21
4475,48	1406,87
4477,09	1407,28
4478,69	1408,66
4480,31	1409,12
4481,91	1409,59
4483,52	1410,60
4485,13	1410,93
4486,74	1411,18
4488,35	1411,38
4489,96	1412,29
4491,57	1413,51
4493,18	1415,02
4494,79	1415,39
4496,39	1416,20
4498,00	1417,30
4499,61	1418,06
4501,22	1419,07
4502,83	1419,42
4504,44	1420,55
4506,05	1421,31
4507,66	1421,95
4509,27	1423,29
4510,88	1423,72
4512,49	1425,06
4514,10	1425,64
4515,71	1426,88
4517,32	1427,45
4518,93	1427,81
4520,54	1428,66
4522,15	1429,58
4523,76	1430,95
4525,37	1431,35
4526,97	1431,86
4528,60	1433,11
4530,20	1433,74
4531,81	1434,87
4533,42	1435,55
4535,03	1435,71
4536,64	1436,45
4538,25	1437,60
4539,86	1438,59
4541,47	1439,40
4543,08	1439,82
4544,69	1440,68
4546,30	1441,39
4547,91	1441,77
4549,52	1442,11
4551,13	1443,28
4552,74	1443,73
4554,35	1444,12
4555,96	1443,86
4557,57	1445,52
4559,18	1445,95
4560,79	1447,61
4562,40	1447,87
4564,01	1448,18
4565,62	1449,74
4567,23	1450,22
4568,84	1451,55
4570,45	1451,95
4572,06	1452,23
4573,67	1452,35
4575,28	1453,92
4576,89	1454,59
4578,50	1455,87
4580,11	1456,08
4581,72	1456,73
4583,33	1457,89
4584,94	1458,35
4586,55	1459,02
4588,16	1459,57
4589,77	1459,95
4591,38	1460,20
4592,99	1461,29
4594,60	1462,30
4596,21	1464,12
4597,82	1464,19
4599,42	1465,38
4601,03	1466,23
4602,64	1466,20
4604,25	1466,48
4605,86	1467,63
4607,47	1468,32
4609,08	1468,74
4610,69	1469,65
4612,30	1470,45
4613,91	1470,71
4615,52	1470,96
4617,13	1472,52
4618,74	1473,62
4620,35	1474,13
4621,96	1474,38
4623,57	1474,36
4625,18	1476,42
4626,79	1476,29
4628,40	1476,26
4630,01	1477,22
4631,62	1478,74
4633,23	1478,83
4634,83	1478,39
4636,44	1480,29
4638,05	1481,12
4639,66	1481,00
4641,27	1482,45
4642,88	1482,89
4644,49	1483,19
4646,10	1483,51
4647,71	1484,23
4649,32	1484,84
4650,92	1486,66
4652,54	1486,88
4654,14	1487,25
4655,75	1488,86
4657,36	1489,94
4658,97	1490,88
4660,58	1491,39
4662,19	1492,35
4663,80	1492,80
4665,41	1492,99
4667,02	1494,81
4668,63	1493,79
4670,24	1494,62
4671,85	1495,12
4673,46	1496,90
4675,06	1498,63
4676,67	1497,90
4678,28	1497,44
4679,90	1498,63
4681,51	1499,05
4683,11	1500,96
4684,73	1501,52
4686,33	1500,97
4687,94	1501,95
4689,55	1502,84
4691,16	1503,78
4692,77	1503,09
4694,38	1503,54
4696,00	1504,79
4697,61	1506,66
4699,22	1506,98
4700,82	1507,60
4702,43	1508,93
4704,05	1508,48
4705,66	1508,04
4707,27	1509,00
4708,88	1509,22
4710,49	1509,23
4712,10	1509,58
4713,71	1511,28
4715,32	1511,74
4716,93	1511,52
4718,54	1511,78
4720,15	1511,95
4721,76	1513,67
4723,37	1515,06
4724,98	1514,35
4726,59	1515,08
4728,20	1515,20
4729,81	1516,12
4731,42	1517,04
4733,03	1517,26
4734,64	1517,39
4736,24	1517,73
4737,85	1518,92
4739,46	1519,00
4741,07	1520,02
4742,68	1520,11
4744,29	1520,07
4745,90	1520,75
4747,51	1521,51
4749,12	1521,55
4750,73	1521,64
4752,34	1521,74
4753,95	1522,29
4755,56	1523,01
4757,17	1522,83
4758,78	1522,33
4760,39	1523,45
4762,00	1523,97
4763,61	1525,20
4765,22	1525,53
4766,82	1525,40
4768,44	1526,27
4770,05	1527,60
4771,65	1527,68
4773,26	1527,31
4774,87	1527,79
4776,48	1527,53
4778,09	1528,74
4779,70	1529,11
4781,31	1529,46
4782,92	1529,14
4784,53	1529,45
4786,14	1529,41
4787,75	1529,06
4789,36	1530,56
4790,97	1531,56
4792,58	1531,44
4794,19	1531,48
4795,80	1531,67
4797,41	1532,01
4799,02	1533,20
4800,63	1532,09
4802,24	1532,79
4803,85	1532,51
4805,46	1533,45
4807,07	1533,07
4808,68	1532,28
4810,29	1533,00
4811,90	1533,53
4813,51	1533,20
4815,12	1533,61
4816,73	1533,83
4818,34	1533,79
4819,95	1534,34
4821,56	1534,83
4823,17	1535,09
4824,78	1535,50
4826,38	1535,29
4828,00	1535,33
4829,61	1535,65
4831,21	1536,73
4832,82	1536,32
4834,43	1537,30
4836,04	1537,20
4837,65	1537,28
4839,26	1537,49
4840,87	1537,79
4842,48	1537,59
4844,09	1537,49
4845,70	1537,71
4847,31	1537,75
4848,92	1538,16
4850,53	1539,15
4852,14	1538,33
4853,75	1539,38
4855,36	1538,83
4856,97	1538,89
4858,58	1539,43
4860,19	1539,45
4861,80	1539,68
4863,41	1540,13
4865,02	1540,25
4866,63	1540,04
4868,24	1539,90
4869,85	1539,76
4871,46	1540,24
4873,07	1540,05
4874,68	1539,87
4876,29	1539,81
4877,90	1540,16
4879,51	1541,13
4881,12	1540,73
4882,73	1540,91
4884,34	1541,24
4885,95	1541,61
4887,56	1541,69
4889,17	1541,66
4890,78	1541,73
4892,39	1541,65
4894,00	1541,79
4895,61	1541,74
4897,22	1541,89
4898,82	1541,72
4900,43	1541,78
4902,04	1541,96
4903,65	1541,94
4905,26	1542,42
4906,87	1542,58
4908,48	1542,53
4910,09	1542,27
4911,70	1543,26
4913,30	1543,47
4914,91	1543,32
4916,52	1541,80
4918,13	1542,75
4919,74	1542,49
4921,35	1542,97
4922,96	1543,49
4924,57	1542,53
4926,18	1543,59
4927,79	1542,76
4929,40	1543,37
4931,01	1543,22
4932,62	1542,35
4934,23	1543,54
4935,84	1543,50
4937,45	1543,34
4939,06	1543,91
4940,67	1542,53
4942,28	1543,53
4943,89	1543,74
4945,49	1543,79
4947,10	1543,83
4948,71	1543,79
4950,32	1544,11
4951,93	1542,95
4953,54	1543,17
4955,15	1542,52
4956,76	1542,90
4958,37	1543,54
4959,99	1543,57
4961,59	1542,92
4963,20	1543,59
4964,81	1543,12
4966,42	1542,59
4968,03	1542,30
4969,64	1542,89
4971,25	1542,89
4972,86	1541,85
4974,47	1542,06
4976,08	1541,66
4977,69	1541,99
4979,30	1542,37
4980,91	1542,14
4982,52	1542,74
4984,13	1542,32
4985,74	1541,52
4987,35	1541,75
4988,96	1541,77
4990,57	1541,72
4992,18	1541,48
4993,79	1541,69
4995,40	1541,72
4997,01	1541,43
4998,62	1541,53
5000,23	1541,73
5001,84	1541,59
5003,45	1540,93
5005,06	1540,40
5006,67	1540,63
5008,28	1540,59
5009,89	1540,92
5011,50	1541,28
5013,11	1540,96
5014,72	1540,24
5016,33	1540,61
5017,94	1540,97
5019,54	1540,19
5021,15	1539,87
5022,76	1540,22
5024,37	1540,32
5025,98	1540,01
5027,59	1540,37
5029,20	1541,02
5030,81	1541,28
5032,42	1540,43
5034,03	1540,94
5035,64	1541,15
5037,25	1540,87
5038,86	1540,17
5040,47	1540,87
5042,08	1541,49
5043,68	1541,15
5045,29	1540,40
5046,90	1540,53
5048,51	1540,84
5050,12	1541,28
5051,74	1541,31
5053,35	1540,58
5054,95	1540,84
5056,57	1541,19
5058,17	1540,16
5059,78	1540,58
5061,39	1540,09
5063,00	1541,74
5064,61	1541,77
5066,22	1534,71
5067,83	1515,30
5069,44	1497,26
5071,05	1479,27
5072,66	1466,10
5074,27	1454,44
5075,88	1445,82
5077,48	1427,18
5079,09	1370,64
5080,70	1333,94
5082,31	1313,13
5083,92	1300,29
5085,53	1290,99
5087,14	1282,06
5088,75	1276,78
5090,36	1270,96
5091,97	1264,19
5093,58	1261,93
5095,19	1256,17
5096,80	1252,02
5098,41	1247,97
5100,02	1244,79
5101,63	1241,72
5103,24	1239,63
5104,85	1237,58
5106,46	1235,57
5108,07	1233,33
5109,68	1231,60
5111,29	1229,62
5112,90	1228,24
5114,51	1227,12
5116,12	1225,52
5117,73	1224,40
5119,34	1223,46
5120,95	1222,50
5122,56	1221,45
5124,17	1221,00
5125,78	1219,61
5127,38	1219,31
5128,99	1218,27
5130,60	1217,30
5132,21	1216,52
5133,82	1215,53
5135,43	1215,26
5137,04	1214,80
5138,65	1214,00
5140,26	1213,39
5141,87	1213,23
5143,48	1213,10
5145,09	1212,68
5146,70	1211,78
5148,31	1211,34
5149,93	1211,12
5151,54	1210,85
5153,14	1210,35
5154,76	1209,74
5156,37	1209,39
5157,98	1209,20
5159,59	1209,07
5161,20	1208,92
5162,81	1208,57
5164,41	1208,07
5166,02	1207,72
5167,63	1207,40
5169,24	1207,22
5170,85	1207,19
5172,46	1207,17
5174,07	1207,17
5175,68	1207,14
5177,29	1207,10
5178,90	1207,06
5180,51	1206,97
5182,12	1206,85
5183,73	1206,72
5185,34	1206,51
5186,95	1206,27
5188,56	1206,02
5190,17	1205,76
5191,78	1205,56
5193,39	1205,41
5195,00	1205,29
5196,61	1205,23
5198,22	1205,18
5199,83	1205,13
5201,44	1205,09
5203,05	1205,07
5204,65	1205,02
5206,27	1204,99
5207,88	1204,92
5209,49	1204,86
5211,10	1204,76
5212,71	1204,68
5214,32	1204,59
5215,93	1204,37
5217,53	1204,21
5219,14	1204,17
5220,75	1203,98
5222,36	1203,83
5223,97	1203,68
5225,58	1203,62
5227,19	1203,54
5228,80	1203,43
5230,41	1203,34
5232,02	1203,25
5233,63	1203,26
5235,24	1203,22
5236,85	1203,19
5238,45	1203,12
5240,06	1203,14
5241,67	1203,11
5243,28	1203,09
5244,90	1203,06
5246,51	1203,06
5248,12	1203,06
5249,73	1203,06
5251,33	1203,07
5252,94	1203,02
5254,55	1203,01
5256,16	1203,00
5257,77	1203,00
5259,38	1202,94
5260,99	1202,95
5262,60	1202,94
5264,21	1202,91
5265,82	1202,88
5267,43	1202,85
5269,04	1202,81
5270,65	1202,76
5272,26	1202,74
5273,87	1202,69
5275,48	1202,67
5277,09	1202,62
5278,70	1202,52
5280,31	1202,58
5281,92	1202,59
5283,53	1202,43
5285,14	1202,42
5286,75	1202,33
5288,36	1202,35
5289,97	1202,29
5291,58	1202,24
5293,19	1202,16
5294,80	1202,20
5296,41	1202,05
5298,02	1202,13
5299,63	1201,97
5301,24	1201,92
5302,85	1201,90
5304,46	1201,83
5306,07	1201,75
5307,68	1201,71
5309,29	1201,69
5310,90	1201,69
5312,51	1201,65
5314,12	1201,62
5315,73	1201,58
5317,35	1201,56
5318,95	1201,49
5320,56	1201,46
5322,17	1201,51
5323,78	1201,39
5325,39	1201,44
5327,00	1201,36
5328,61	1201,34
5330,22	1201,38
5331,83	1201,32
5333,44	1201,23
5335,05	1201,26
5336,66	1201,21
5338,27	1201,24
5339,88	1201,18
5341,49	1201,19
5343,10	1201,16
5344,71	1201,15
5346,32	1201,10
5347,93	1201,11
5349,54	1201,06
5351,15	1201,05
5352,76	1201,07
5354,37	1201,08
5355,98	1201,04
5357,59	1201,02
5359,19	1201,00
5360,80	1201,03
5362,41	1200,98
5364,02	1200,99
5365,63	1200,93
5367,25	1200,94
5368,85	1200,95
5370,47	1200,95
5372,08	1200,90
5373,69	1200,87
5375,30	1200,90
5376,91	1200,84
5378,52	1200,87
5380,13	1200,82
5381,74	1200,81
5383,35	1200,85
5384,96	1200,80
5386,57	1200,75
5388,18	1200,79
5389,79	1200,76
5391,40	1200,76
5393,01	1200,71
5394,62	1200,68
5396,22	1200,68
5397,84	1200,69
5399,44	1200,64
5401,06	1200,67
5402,67	1200,62
5404,28	1200,62
5405,89	1200,56
5407,50	1200,60
5409,11	1200,54
5410,72	1200,57
5412,33	1200,48
5413,94	1200,49
5415,55	1200,51
5417,16	1200,44
5418,77	1200,44
5420,38	1200,48
5421,99	1200,43
5423,60	1200,42
5425,21	1200,33
5426,82	1200,31
5428,43	1200,27
5430,04	1200,29
5431,65	1200,27
5433,26	1200,23
5434,87	1200,30
5436,48	1200,26
5438,09	1200,16
5439,70	1200,22
5441,30	1200,21
5442,91	1200,20
5444,52	1200,09
5446,13	1200,13
5447,74	1200,23
5449,35	1200,10
5450,96	1200,04
5452,57	1200,05
5454,18	1200,09
5455,79	1200,05
5457,40	1200,03
5459,01	1199,96
5460,62	1200,01
5462,23	1199,92
5463,84	1199,94
5465,45	1199,89
5467,06	1199,92
5468,67	1199,91
5470,28	1199,96
5471,89	1199,91
5473,50	1199,97
5475,11	1199,83
5476,72	1199,88
5478,33	1199,80
5479,94	1199,82
5481,55	1199,78
5483,16	1199,82
5484,76	1199,74
5486,37	1199,78
5487,98	1199,75
5489,60	1199,76
5491,21	1199,66
5492,81	1199,68
5494,42	1199,72
5496,03	1199,70
5497,64	1199,68
5499,25	1199,68
5500,86	1199,69
5502,47	1199,63
5504,08	1199,66
5505,69	1199,64
5507,30	1199,54
5508,91	1199,58
5510,52	1199,52
5512,13	1199,52
5513,74	1199,56
5515,35	1199,56
5516,96	1199,54
5518,57	1199,51
5520,18	1199,51
5521,79	1199,55
5523,40	1199,46
5525,01	1199,48
5526,62	1199,52
5528,23	1199,45
5529,84	1199,41
5531,45	1199,47
5533,06	1199,41
5534,67	1199,45
5536,28	1199,42
5537,89	1199,42
5539,50	1199,37
5541,11	1199,38
5542,72	1199,39
5544,33	1199,40
5545,94	1199,39
5547,55	1199,41
5549,16	1199,41
5550,77	1199,37
5552,38	1199,33
5553,99	1199,33
5555,60	1199,37
5557,21	1199,31
5558,81	1199,34
5560,42	1199,35
5562,03	1199,39
5563,64	1199,29
5565,25	1199,28
5566,86	1199,30
5568,47	1199,28
5570,08	1199,30
5571,69	1199,28
5573,30	1199,28
5574,91	1199,36
5576,52	1199,32
5578,13	1199,30
5579,74	1199,25
5581,35	1199,24
5582,96	1199,24
5584,57	1199,24
5586,18	1199,25
5587,79	1199,23
5589,40	1199,18
5591,01	1199,22
5592,62	1199,19
5594,23	1199,19
5595,84	1199,24
5597,45	1199,19
5599,06	1199,25
5600,67	1199,22
5602,28	1199,15
5603,89	1199,19
5605,50	1199,23
5607,11	1199,20
5608,72	1199,16
5610,33	1199,22
5611,94	1199,21
5613,55	1199,17
5615,16	1199,18
5616,77	1199,18
5618,38	1199,19
5619,99	1199,15
5621,60	1199,17
5623,21	1199,13
5624,82	1199,12
5626,43	1199,20
5628,04	1199,14
5629,65	1199,14
5631,25	1199,12
5632,86	1199,15
5634,47	1199,16
5636,08	1199,12
5637,70	1199,10
5639,30	1199,09
5640,91	1199,16
5642,52	1199,12
5644,13	1199,13
5645,74	1199,13
5647,35	1199,09
5648,96	1199,11
5650,57	1199,12
5652,18	1199,10
5653,79	1199,12
5655,40	1199,07
5657,01	1199,11
5658,62	1199,08
5660,23	1199,10
5661,84	1199,11
5663,45	1199,08
5665,05	1199,11
5666,66	1199,09
5668,27	1199,11
5669,89	1199,11
5671,49	1199,07
5673,10	1199,11
5674,71	1199,10
5676,32	1199,12
5677,93	1199,09
5679,54	1199,14
5681,15	1199,09
5682,76	1199,07
5684,37	1199,07
5685,98	1199,07
5687,58	1199,09
5689,19	1199,10
5690,80	1199,13
5692,41	1199,08
5694,02	1199,08
5695,63	1199,07
5697,24	1199,10
