1,50335	983,153
3,11329	NaN
4,61400	986,766
6,22316	NaN
7,72396	988,853
9,33509	NaN
10,8360	990,920
12,4459	NaN
13,9459	992,593
15,5556	NaN
17,0561	994,068
18,6667	NaN
20,1683	995,033
21,7781	NaN
23,2801	996,692
24,8913	NaN
26,3916	997,649
28,0006	NaN
29,5009	998,922
31,1098	NaN
32,6136	999,632
34,2225	NaN
35,7224	1000,85
37,3307	NaN
38,8328	1001,25
40,4420	NaN
41,9426	1002,16
43,5509	NaN
45,0534	1002,91
46,6625	NaN
48,1633	1003,11
49,7705	NaN
51,2720	1003,21
52,8821	NaN
54,3842	1003,52
55,9926	NaN
57,4933	1004,14
59,1009	NaN
60,6041	1004,67
62,2134	NaN
63,7145	1004,97
65,3253	NaN
66,8263	1005,21
68,4359	NaN
69,9378	1005,34
71,5499	NaN
73,0518	1005,60
74,6624	NaN
76,1640	1005,95
77,7745	NaN
79,2737	1006,28
80,8824	NaN
82,3833	1006,52
83,9934	NaN
85,4936	1006,83
87,1043	NaN
88,6048	1006,96
90,2156	NaN
91,7162	1007,04
93,3262	NaN
94,8270	1007,16
96,4348	NaN
97,9359	1007,18
99,5453	NaN
101,046	1007,22
102,655	NaN
104,155	1007,20
105,763	NaN
107,264	1007,27
108,873	NaN
110,374	1007,28
111,983	NaN
113,484	1007,35
115,095	NaN
116,595	1007,37
118,204	NaN
119,705	1007,42
121,313	NaN
122,814	1007,47
124,422	NaN
125,924	933,972
127,531	NaN
129,034	934,000
130,645	NaN
132,145	933,967
133,753	NaN
135,254	933,990
136,863	NaN
138,364	933,990
139,974	NaN
141,475	933,986
143,084	NaN
144,587	933,996
146,196	NaN
147,696	933,976
149,305	NaN
150,806	933,976
152,414	NaN
153,915	933,998
155,524	NaN
157,025	934,569
158,636	NaN
160,137	935,583
161,746	NaN
163,247	935,932
164,855	NaN
166,356	936,720
167,967	NaN
169,468	937,632
171,077	NaN
172,578	937,830
174,187	NaN
175,688	938,097
177,298	NaN
178,798	938,797
180,407	NaN
181,908	939,674
183,518	NaN
185,020	940,149
186,630	NaN
188,130	940,943
189,741	NaN
191,240	941,647
192,848	NaN
194,348	941,910
195,956	NaN
197,457	942,292
199,066	NaN
200,567	943,128
202,176	NaN
203,677	943,779
205,286	NaN
206,787	944,091
208,396	NaN
209,897	944,630
211,506	NaN
213,007	945,515
214,616	NaN
216,117	945,919
217,726	NaN
219,227	946,015
220,837	NaN
222,338	946,125
223,945	NaN
225,446	946,511
227,055	NaN
228,555	947,370
230,166	NaN
231,667	947,931
233,278	NaN
234,780	948,094
236,389	NaN
237,891	948,533
239,499	NaN
241,000	949,259
242,609	NaN
244,110	949,869
245,718	NaN
247,219	950,118
248,828	NaN
250,329	950,397
251,939	NaN
253,440	951,024
255,050	NaN
256,551	951,799
258,159	NaN
259,661	952,136
261,270	NaN
262,771	952,282
264,382	NaN
265,884	952,791
267,495	NaN
268,996	953,525
270,606	NaN
272,107	953,994
273,717	NaN
275,218	954,147
276,828	NaN
278,329	954,282
279,939	NaN
281,440	954,651
283,055	NaN
284,556	955,451
286,166	NaN
287,668	956,008
289,277	NaN
290,778	956,294
292,388	NaN
293,890	956,708
295,500	NaN
297,002	957,459
298,612	NaN
300,114	957,997
301,723	NaN
303,226	958,201
304,836	NaN
306,336	958,366
307,946	NaN
309,446	958,783
311,056	NaN
312,558	959,517
314,167	NaN
315,669	960,072
317,278	NaN
318,779	960,309
320,387	NaN
321,889	960,454
323,497	NaN
324,998	960,886
326,610	NaN
328,110	961,608
329,720	NaN
331,220	962,120
332,827	NaN
334,328	962,269
335,937	NaN
337,439	962,390
339,049	NaN
340,549	962,639
342,157	NaN
343,659	963,185
345,268	NaN
346,769	963,855
348,379	NaN
349,880	964,220
351,489	NaN
352,990	964,432
354,600	NaN
356,101	964,801
357,711	NaN
359,213	965,385
360,823	NaN
362,324	965,970
363,932	NaN
365,434	966,285
367,043	NaN
368,544	966,462
370,153	NaN
371,655	966,729
373,264	NaN
374,765	967,288
376,376	NaN
377,878	967,613
379,488	NaN
380,989	968,068
382,599	NaN
384,100	968,333
385,709	NaN
387,210	968,484
388,820	NaN
390,322	968,845
391,932	NaN
393,433	969,357
395,041	NaN
396,544	969,953
398,154	NaN
399,655	970,245
401,263	NaN
402,764	970,408
404,372	NaN
405,874	970,479
407,484	NaN
408,985	970,563
410,594	NaN
412,096	970,777
413,704	NaN
415,205	971,171
416,814	NaN
418,314	971,679
419,925	NaN
421,427	972,154
423,037	NaN
424,537	972,430
426,146	NaN
427,648	972,699
429,258	NaN
430,759	973,013
432,368	NaN
433,869	973,533
435,477	NaN
436,979	974,062
438,588	NaN
440,089	974,341
441,697	NaN
443,198	974,517
444,806	NaN
446,306	974,635
447,916	NaN
449,416	974,884
451,026	NaN
452,528	975,298
454,136	NaN
455,637	975,743
457,248	NaN
458,750	976,247
460,358	NaN
461,862	976,508
463,470	NaN
464,970	976,633
466,578	NaN
468,079	976,743
469,689	NaN
471,191	976,961
472,799	NaN
474,300	977,467
475,909	NaN
477,411	978,032
479,020	NaN
480,521	978,354
482,131	NaN
483,633	978,548
485,241	NaN
486,744	978,632
488,352	NaN
489,853	978,689
491,464	NaN
492,966	978,807
494,574	NaN
496,075	979,122
497,686	NaN
499,187	979,575
500,798	NaN
502,298	980,019
503,908	NaN
505,409	980,442
507,019	NaN
508,522	980,568
510,131	NaN
511,632	980,758
513,240	NaN
514,743	980,946
516,352	NaN
517,853	981,335
519,461	NaN
520,962	981,766
522,573	NaN
524,072	982,237
525,680	NaN
527,181	982,514
528,789	NaN
530,290	982,665
531,898	NaN
533,400	982,788
535,009	NaN
536,511	983,000
538,122	NaN
539,623	983,326
541,232	NaN
542,732	983,663
544,343	NaN
545,845	984,110
547,454	NaN
548,956	984,465
550,565	NaN
552,066	984,646
553,675	NaN
555,176	984,753
556,784	NaN
558,285	984,838
559,896	NaN
561,397	985,014
563,006	NaN
564,508	985,259
566,116	NaN
567,617	985,720
569,226	NaN
570,727	986,105
572,337	NaN
573,838	986,442
575,448	NaN
576,950	986,634
578,560	NaN
580,063	986,730
581,672	NaN
583,174	986,793
584,785	NaN
586,286	986,866
587,897	NaN
589,396	986,942
591,007	NaN
592,508	987,007
594,118	NaN
595,619	987,233
597,228	NaN
598,730	987,646
600,339	NaN
601,840	987,868
603,448	NaN
604,949	988,276
606,558	NaN
608,059	988,578
609,667	NaN
611,169	988,762
612,778	NaN
614,279	988,941
615,890	NaN
617,392	989,139
619,003	NaN
620,503	989,359
622,113	NaN
623,614	989,637
625,224	NaN
626,724	989,955
628,333	NaN
629,833	990,355
631,442	NaN
632,943	990,588
634,554	NaN
636,055	990,769
637,665	NaN
639,166	990,834
640,774	NaN
642,275	990,912
643,885	NaN
645,386	990,979
646,995	NaN
648,497	991,102
650,108	NaN
651,609	991,342
653,218	NaN
654,719	991,677
656,328	NaN
657,829	991,928
659,436	NaN
660,938	992,322
662,545	NaN
664,046	992,591
665,654	NaN
667,156	992,767
668,765	NaN
670,266	992,891
671,875	NaN
673,376	992,954
674,985	NaN
676,486	993,124
678,097	NaN
679,599	993,305
681,209	NaN
682,712	993,456
684,322	NaN
685,823	993,785
687,433	NaN
688,935	994,140
690,544	NaN
692,045	994,342
693,655	NaN
695,156	994,625
696,767	NaN
698,268	994,788
699,876	NaN
701,378	994,888
702,986	NaN
704,489	994,950
706,097	NaN
707,599	994,964
709,207	NaN
710,708	994,986
712,317	NaN
713,817	995,058
715,424	NaN
716,925	995,135
718,534	NaN
720,035	995,333
721,643	NaN
723,145	995,558
724,754	NaN
726,255	995,931
727,864	NaN
729,365	996,208
730,975	NaN
732,476	996,449
734,085	NaN
735,586	996,674
737,195	NaN
738,696	996,833
740,304	NaN
741,805	996,949
743,415	NaN
744,917	997,063
746,525	NaN
748,026	997,161
749,635	NaN
751,136	997,308
752,745	NaN
754,248	997,504
755,858	NaN
757,359	997,722
758,968	NaN
760,469	997,983
762,077	NaN
763,578	995,048
765,188	NaN
766,689	990,828
768,298	NaN
769,800	988,154
771,410	NaN
772,910	1059,29
774,520	NaN
776,021	1096,42
777,633	NaN
779,136	1111,83
780,748	NaN
782,248	1120,34
783,860	NaN
785,360	1126,48
786,969	NaN
788,470	1134,10
790,079	NaN
791,580	1141,41
793,190	NaN
794,690	1149,94
796,299	NaN
797,800	1154,32
799,409	NaN
800,911	1159,44
802,522	NaN
804,022	1166,33
805,631	NaN
807,131	1172,38
808,741	NaN
810,242	1177,89
811,850	NaN
813,351	1184,66
814,959	NaN
816,460	1186,86
818,069	NaN
819,570	1191,73
821,178	NaN
822,680	1196,46
824,290	NaN
825,791	1199,54
827,401	NaN
828,903	1205,07
830,515	NaN
832,015	1207,75
833,625	NaN
835,126	1209,64
836,735	NaN
838,237	1213,84
839,846	NaN
841,347	1217,42
842,956	NaN
844,457	1221,67
846,065	NaN
847,566	1225,01
849,176	NaN
850,677	1228,22
852,289	NaN
853,789	1230,01
855,398	NaN
856,900	1232,29
858,510	NaN
860,011	1235,28
861,622	NaN
863,124	1237,37
864,733	NaN
866,235	1239,62
867,845	NaN
869,346	1242,14
870,956	NaN
872,457	1244,94
874,065	NaN
875,566	1247,91
877,174	NaN
878,675	1250,05
880,284	NaN
881,785	1252,19
883,397	NaN
884,898	1254,67
886,507	NaN
888,007	1256,65
889,615	NaN
891,115	1257,86
892,724	NaN
894,224	1259,43
895,834	NaN
897,335	1261,31
898,944	NaN
900,445	1262,45
902,055	1263,83
903,664	1264,26
905,275	1264,34
906,886	1265,00
908,496	1265,77
910,108	1266,98
911,717	1268,33
913,326	1269,68
914,935	1270,28
916,543	1270,94
918,153	1271,37
919,763	1272,13
921,372	1271,94
922,982	1272,45
924,590	1272,81
926,200	1274,43
927,809	1275,41
929,419	1276,22
931,029	1276,24
932,639	1277,11
934,249	1277,96
935,857	1278,46
937,466	1279,29
939,075	1279,84
940,683	1280,58
942,295	1280,59
943,905	1281,50
945,513	1282,54
947,123	1282,68
948,732	1284,08
950,343	1284,33
951,954	1285,45
953,564	1284,91
955,174	1286,51
956,782	1286,84
958,392	1288,36
960,001	1288,61
961,611	1288,75
963,222	1288,85
964,832	1290,63
966,442	1290,86
968,052	1291,37
969,660	1293,09
971,270	1292,96
972,883	1292,63
974,494	1293,53
976,103	1292,85
977,713	1293,68
979,323	1294,65
980,933	1294,89
982,544	1295,11
984,154	1296,04
985,764	1296,48
987,373	1296,72
988,982	1296,93
990,592	1296,94
992,200	1297,20
993,809	1297,00
995,418	1297,28
997,028	1297,01
998,636	1298,94
1000,24	1299,78
1001,86	1300,80
1003,47	1300,87
1005,08	1300,97
1006,69	1301,56
1008,30	1301,87
1009,91	1302,51
1011,52	1302,75
1013,13	1303,26
1014,74	1303,21
1016,35	1303,32
1017,96	1303,71
1019,57	1305,05
1021,18	1305,08
1022,78	1305,21
1024,39	1305,09
1026,00	1305,18
1027,61	1306,06
1029,22	1305,55
1030,83	1305,86
1032,44	1306,96
1034,05	1306,79
1035,66	1307,59
1037,27	1307,75
1038,88	1308,14
1040,49	1308,31
1042,10	1308,79
1043,71	1308,17
1045,32	1308,84
1046,93	1307,84
1048,54	1308,46
1050,15	1308,90
1051,75	1309,25
1053,36	1309,05
1054,97	1309,69
1056,58	1309,81
1058,19	1309,92
1059,80	1311,15
1061,41	1311,71
1063,02	1311,62
1064,63	1312,39
1066,24	1312,98
1067,85	1312,99
1069,45	1312,90
1071,06	1313,20
1072,67	1313,21
1074,28	1313,13
1075,89	1313,19
1077,50	1313,30
1079,11	1313,29
1080,72	1313,19
1082,33	1313,40
1083,94	1314,41
1085,55	1314,71
1087,16	1315,27
1088,77	1315,55
1090,38	1315,90
1091,99	1316,81
1093,60	1317,25
1095,21	1315,32
1096,82	1315,67
1098,43	1316,48
1100,04	1316,44
1101,65	1317,27
1103,26	1317,26
1104,87	1318,16
1106,48	1319,44
1108,09	1319,75
1109,70	1321,20
1111,31	1321,18
1112,92	1321,09
1114,53	1321,46
1116,14	1321,94
1117,75	1323,78
1119,36	1324,20
1120,97	1323,81
1122,58	1325,12
1124,18	1325,10
1125,79	1323,01
1127,40	1324,10
1129,01	1322,82
1130,63	1322,06
1132,24	1321,89
1133,85	1320,99
1135,45	1320,16
1137,06	1320,23
1138,67	1319,53
1140,28	1319,14
1141,89	1319,35
1143,50	1319,45
1145,11	1318,96
1146,72	1319,28
1148,33	1318,27
1149,94	1319,06
1151,55	1318,42
1153,17	1318,03
1154,78	1318,69
1156,39	1317,38
1158,00	1317,34
1159,61	1317,46
1161,22	1317,36
1162,83	1317,33
1164,44	1317,41
1166,05	1317,28
1167,66	1317,50
1169,26	1316,47
1170,87	1317,29
1172,48	1317,28
1174,09	1312,33
1175,70	1288,28
1177,31	1265,14
1178,92	1233,31
1180,53	1166,80
1182,15	1131,62
1183,76	1112,24
1185,37	1101,89
1186,98	1095,59
1188,59	1090,81
1190,20	1086,51
1191,81	1082,83
1193,42	1080,49
1195,03	1077,54
1196,64	1076,02
1198,25	1074,31
1199,85	1072,51
1201,46	1071,01
1203,07	1069,83
1204,68	1068,47
1206,30	1067,75
1207,90	1066,48
1209,51	1065,80
1211,12	1064,63
1212,73	1064,18
1214,35	1063,34
1215,96	1062,67
1217,56	1062,40
1219,18	1062,08
1220,79	1061,75
1222,39	1061,14
1224,00	1060,78
1225,62	1060,54
1227,23	1060,40
1228,84	1060,30
1230,45	1060,30
1232,06	1060,24
1233,67	1060,21
1235,28	1060,17
1236,89	1060,16
1238,50	1060,09
1240,11	1060,13
1241,71	1060,11
1243,32	1060,08
1244,93	1060,11
1246,54	1060,06
1248,15	1060,12
1249,76	1060,14
1251,37	1060,17
1252,98	1060,19
1254,59	1060,22
1256,20	1060,22
1257,81	1060,26
1259,42	1060,26
1261,03	1060,32
1262,64	1060,32
1264,25	1060,35
1265,86	1060,41
1267,47	1060,53
1269,08	1060,59
1270,69	1060,75
1272,30	1060,99
1273,91	1061,17
1275,52	1061,58
1277,13	1061,69
1278,74	1061,90
1280,35	1062,03
1281,96	1062,22
1283,57	1062,28
1285,18	1062,37
1286,79	1062,44
1288,40	1062,66
1290,01	1062,80
1291,62	1063,10
1293,23	1063,45
1294,83	1063,70
1296,44	1063,90
1298,05	1064,06
1299,66	1064,18
1301,27	1064,29
1302,88	1064,32
1304,49	1064,47
1306,10	1064,52
1307,71	1064,72
1309,32	1064,87
1310,93	1065,18
1312,55	1065,48
1314,15	1065,77
1315,77	1066,00
1317,37	1066,18
1318,98	1066,30
1320,59	1066,34
1322,20	1066,47
1323,81	1066,57
1325,42	1066,69
1327,03	1066,92
1328,64	1067,22
1330,25	1067,45
1331,86	1067,83
1333,47	1068,04
1335,08	1068,21
1336,69	1068,34
1338,30	1068,36
1339,91	1068,43
1341,52	1068,45
1343,13	1068,52
1344,74	1068,66
1346,35	1068,79
1347,96	1069,08
1349,57	1069,36
1351,18	1069,72
1352,79	1070,08
1354,39	1070,26
1356,00	1070,39
1357,61	1070,50
1359,22	1070,64
1360,83	1070,84
1362,44	1071,12
1364,05	1071,41
1365,66	1071,76
1367,27	1072,08
1368,88	1072,23
1370,49	1072,34
1372,09	1072,44
1373,70	1072,50
1375,31	1072,59
1376,92	1072,70
1378,53	1072,89
1380,14	1073,23
1381,75	1073,60
1383,36	1073,92
1384,97	1074,38
1386,58	1074,48
1388,19	1074,53
1389,80	1074,57
1391,41	1074,68
1393,02	1074,76
1394,63	1074,96
1396,24	1075,19
1397,85	1075,46
1399,46	1075,73
1401,07	1075,98
1402,68	1076,21
1404,29	1076,34
1405,90	1076,48
1407,51	1076,54
1409,12	1076,55
1410,73	1076,56
1412,34	1076,57
1413,95	1076,62
1415,56	1076,65
1417,17	1076,72
1418,78	1076,86
1420,39	1077,01
1422,00	1077,32
1423,61	1077,68
1425,22	1077,89
1426,83	1078,16
1428,44	1078,35
1430,05	1078,54
1431,65	1078,60
1433,26	1078,65
1434,88	1078,79
1436,49	1078,98
1438,10	1079,20
1439,71	1079,51
1441,32	1079,75
1442,93	1080,00
1444,53	1080,23
1446,14	1080,45
1447,75	1080,57
1449,36	1080,69
1450,97	1080,82
1452,58	1081,01
1454,19	1081,28
1455,80	1081,57
1457,41	1081,87
1459,02	1082,11
1460,63	1082,32
1462,24	1082,47
1463,84	1082,62
1465,46	1082,65
1467,07	1082,71
1468,68	1082,75
1470,29	1082,86
1471,90	1083,26
1473,51	1083,56
1475,12	1083,72
1476,72	1084,06
1478,33	1084,29
1479,94	1084,44
1481,55	1084,57
1483,16	1084,67
1484,77	1084,73
1486,38	1084,76
1487,99	1084,85
1489,60	1084,90
1491,21	1085,10
1492,82	1085,23
1494,43	1085,51
1496,04	1085,79
1497,65	1086,02
1499,26	1086,24
1500,87	1086,44
1502,48	1086,65
1504,09	1086,82
1505,69	1086,98
1507,31	1087,18
1508,91	1087,36
1510,52	1087,68
1512,13	1087,93
1513,74	1088,24
1515,35	1088,43
1516,96	1088,57
1518,57	1088,66
1520,18	1088,74
1521,79	1088,82
1523,40	1088,83
1525,01	1088,92
1526,62	1089,01
1528,23	1089,15
1529,84	1089,35
1531,45	1089,57
1533,06	1089,82
1534,67	1090,20
1536,28	1090,37
1537,89	1090,59
1539,50	1090,72
1541,11	1090,77
1542,72	1090,84
1544,33	1090,86
1545,94	1090,92
1547,55	1090,92
1549,16	1091,03
1550,77	1091,14
1552,38	1091,33
1553,99	1091,52
1555,60	1091,86
1557,21	1092,18
1558,82	1092,38
1560,43	1092,58
1562,04	1092,68
1563,65	1092,78
1565,26	1092,84
1566,87	1092,88
1568,48	1092,95
1570,09	1092,97
1571,70	1093,11
1573,31	1093,28
1574,92	1093,39
1576,53	1093,62
1578,14	1093,85
1579,74	1094,16
1581,35	1094,45
1582,96	1094,62
1584,57	1094,73
1586,18	1094,84
1587,79	1094,94
1589,40	1095,08
1591,01	1095,21
1592,62	1095,37
1594,24	1095,58
1595,84	1095,78
1597,45	1096,01
1599,07	1096,27
1600,67	1096,49
1602,28	1096,59
1603,89	1096,80
1605,50	1096,84
1607,11	1096,95
1608,72	1097,04
1610,33	1097,20
1611,94	1097,29
1613,55	1097,51
1615,16	1097,74
1616,77	1097,98
1618,38	1098,18
1619,99	1098,37
1621,60	1098,60
1623,21	1098,74
1624,82	1098,84
1626,43	1098,93
1628,04	1098,99
1629,65	1099,11
1631,26	1099,20
1632,86	1099,29
1634,47	1099,47
1636,08	1099,61
1637,69	1099,79
1639,30	1100,05
1640,91	1100,27
1642,52	1100,43
1644,13	1100,68
1645,74	1100,73
1647,35	1100,36
1648,96	1097,40
1650,57	1094,64
1652,18	1092,81
1653,79	1095,38
1655,39	1153,52
1657,00	1206,39
1658,61	1234,19
1660,23	1253,62
1661,84	1261,35
1663,45	1266,14
1665,05	1273,25
1666,66	1276,53
1668,27	1278,00
1669,89	1280,60
1671,49	1282,53
1673,10	1282,72
1674,71	1286,85
1676,32	1285,31
1677,93	1288,77
1679,54	1290,03
1681,15	1290,37
1682,76	1294,08
1684,37	1294,59
1685,98	1300,57
1687,59	1299,39
1689,20	1301,16
1690,81	1304,18
1692,42	1307,39
1694,03	1308,85
1695,64	1309,33
1697,25	1311,43
1698,86	1313,10
1700,47	1313,39
1702,07	1316,07
1703,68	1317,39
1705,30	1318,03
1706,91	1319,66
1708,52	1322,49
1710,13	1322,15
1711,74	1325,32
1713,34	1325,62
1714,95	1327,30
1716,56	1327,35
1718,17	1329,03
1719,78	1329,82
1721,39	1333,43
1723,00	1333,69
1724,61	1333,45
1726,22	1334,86
1727,83	1333,22
1729,44	1333,99
1731,05	1335,21
1732,66	1335,66
1734,27	1337,16
1735,88	1337,73
1737,49	1339,36
1739,10	1341,34
1740,70	1343,25
1742,31	1343,88
1743,93	1345,72
1745,54	1343,93
1747,14	1344,24
1748,75	1344,04
1750,36	1344,50
1751,97	1344,33
1753,58	1344,68
1755,19	1344,93
1756,80	1345,90
1758,41	1347,83
1760,02	1348,80
1761,63	1349,85
1763,24	1349,93
1764,85	1349,83
1766,46	1349,33
1768,07	1349,88
1769,68	1349,94
1771,29	1351,55
1772,89	1354,08
1774,50	1355,63
1776,11	1354,18
1777,72	1355,86
1779,33	1356,37
1780,94	1357,64
1782,55	1358,16
1784,16	1358,00
1785,77	1358,25
1787,38	1358,18
1788,99	1359,78
1790,60	1359,24
1792,21	1359,06
1793,82	1360,11
1795,43	1362,17
1797,04	1362,44
1798,65	1363,24
1800,26	1362,23
1801,87	1361,70
1803,48	1361,58
1805,08	1362,06
1806,69	1362,23
1808,30	1362,53
1809,91	1363,41
1811,52	1364,40
1813,13	1365,09
1814,74	1365,89
1816,35	1366,33
1817,96	1367,08
1819,57	1367,87
1821,18	1367,88
1822,79	1367,98
1824,40	1368,02
1826,01	1368,25
1827,62	1369,07
1829,23	1370,06
1830,84	1370,51
1832,45	1370,93
1834,06	1370,81
1835,67	1371,23
1837,28	1371,83
1838,89	1372,12
1840,50	1372,09
1842,11	1372,34
1843,73	1372,79
1845,33	1373,77
1846,94	1374,24
1848,55	1373,39
1850,16	1372,56
1851,77	1372,32
1853,38	1372,43
1855,00	1372,51
1856,61	1372,68
1858,22	1373,04
1859,82	1373,85
1861,43	1374,47
1863,05	1374,99
1864,66	1376,04
1866,27	1376,38
1867,88	1376,56
1869,49	1377,33
1871,10	1378,44
1872,71	1378,55
1874,32	1378,90
1875,93	1378,82
1877,54	1378,69
1879,15	1378,51
1880,76	1377,41
1882,37	1377,45
1883,97	1378,09
1885,58	1378,61
1887,19	1380,36
1888,80	1381,89
1890,41	1381,67
1892,02	1382,48
1893,63	1381,65
1895,24	1382,52
1896,85	1382,76
1898,46	1383,05
1900,07	1382,70
1901,68	1382,56
1903,29	1382,62
1904,90	1382,65
1906,51	1382,78
1908,12	1384,16
1909,73	1383,77
1911,34	1384,22
1912,95	1384,48
1914,56	1384,65
1916,17	1384,72
1917,78	1384,39
1919,39	1384,53
1921,00	1384,56
1922,60	1384,17
1924,21	1384,71
1925,82	1384,86
1927,43	1385,50
1929,04	1384,44
1930,65	1384,81
1932,26	1386,22
1933,87	1386,48
1935,48	1384,54
1937,09	1384,67
1938,70	1385,65
1940,31	1386,36
1941,92	1386,33
1943,53	1386,20
1945,14	1386,30
1946,75	1386,41
1948,36	1386,40
1949,97	1386,08
1951,58	1385,86
1953,19	1386,09
1954,80	1385,89
1956,41	1385,65
1958,02	1384,66
1959,62	1384,44
1961,23	1384,52
1962,85	1384,76
1964,45	1384,69
1966,06	1384,53
1967,67	1384,32
1969,28	1376,61
1970,89	1361,28
1972,50	1335,67
1974,11	1284,96
1975,72	1260,19
1977,33	1241,11
1978,94	1227,44
1980,55	1219,97
1982,16	1214,80
1983,77	1209,59
1985,38	1206,93
1986,99	1203,15
1988,59	1200,23
1990,20	1198,33
1991,81	1195,42
1993,42	1193,20
1995,03	1191,34
1996,64	1190,60
1998,25	1188,75
1999,86	1187,01
2001,47	1186,20
2003,08	1184,76
2004,69	1183,31
2006,30	1182,66
2007,91	1181,66
2009,52	1180,67
2011,13	1180,36
2012,74	1179,45
2014,35	1178,63
2015,96	1178,13
2017,57	1177,11
2019,18	1176,64
2020,79	1176,38
2022,40	1175,95
2024,01	1175,18
2025,62	1174,73
2027,23	1174,55
2028,84	1174,52
2030,45	1174,50
2032,06	1174,42
2033,67	1174,23
2035,28	1174,00
2036,89	1173,76
2038,50	1173,47
2040,11	1173,16
2041,72	1172,91
2043,33	1172,73
2044,94	1172,65
2046,55	1172,58
2048,16	1172,51
2049,77	1172,49
2051,38	1172,43
2052,99	1172,40
2054,60	1172,34
2056,21	1172,32
2057,82	1172,31
2059,43	1172,29
2061,04	1172,27
2062,65	1172,25
2064,26	1172,21
2065,87	1172,24
2067,48	1172,24
2069,09	1172,18
2070,69	1172,22
2072,30	1172,26
2073,91	1172,26
2075,52	1172,27
2077,13	1172,27
2078,74	1172,33
2080,35	1172,34
2081,96	1172,34
2083,57	1172,42
2085,18	1172,41
2086,79	1172,44
2088,40	1172,43
2090,01	1172,46
2091,61	1172,46
2093,22	1172,50
2094,83	1172,56
2096,44	1172,57
2098,05	1172,62
2099,66	1172,65
2101,27	1172,76
2102,88	1172,89
2104,49	1172,91
2106,09	1173,02
2107,71	1173,06
2109,32	1173,23
2110,93	1173,35
2112,53	1173,44
2114,14	1173,60
2115,75	1173,74
2117,36	1173,88
2118,97	1173,97
2120,58	1174,07
2122,19	1174,21
2123,80	1174,26
2125,41	1174,24
2127,02	1174,32
2128,63	1174,38
2130,24	1174,42
2131,85	1174,45
2133,46	1174,48
2135,07	1174,50
2136,68	1174,49
2138,29	1174,51
2139,90	1174,52
2141,51	1174,53
2143,12	1174,55
2144,72	1174,55
2146,33	1174,58
2147,94	1174,60
2149,55	1174,62
2151,16	1174,70
2152,77	1174,78
2154,38	1174,87
2155,99	1175,01
2157,60	1175,22
2159,21	1175,38
2160,82	1175,47
2162,43	1175,70
2164,04	1175,82
2165,65	1175,94
2167,25	1176,05
2168,86	1176,17
2170,47	1176,29
2172,08	1176,41
2173,69	1176,41
2175,30	1176,48
2176,91	1176,51
2178,52	1176,53
2180,13	1176,58
2181,74	1176,63
2183,35	1176,69
2184,96	1176,72
2186,57	1176,81
2188,18	1176,89
2189,79	1177,03
2191,39	1177,15
2193,00	1177,26
2194,61	1177,51
2196,23	1177,60
2197,84	1177,72
2199,45	1177,92
2201,06	1178,02
2202,67	1178,11
