1,50085	NaN
3,00402	982,284
4,61223	NaN
6,11407	983,482
7,72469	NaN
9,22687	984,846
10,8358	NaN
12,3368	986,403
13,9484	NaN
15,4505	986,919
17,0606	NaN
18,5615	988,086
20,1707	NaN
21,6731	988,982
23,2827	NaN
24,7829	990,037
26,3936	NaN
27,8959	990,796
29,5044	NaN
31,0053	991,024
32,6127	NaN
34,1132	991,632
35,7227	NaN
37,2244	992,393
38,8360	NaN
40,3365	992,822
41,9468	NaN
43,4475	992,944
45,0565	NaN
46,5584	993,232
48,1682	NaN
49,6695	993,548
51,2795	NaN
52,7813	994,017
54,3906	NaN
55,8924	994,338
57,5021	NaN
59,0038	994,621
60,6178	NaN
62,1184	994,809
63,7272	NaN
65,2285	994,874
66,8354	NaN
68,3363	994,890
69,9467	NaN
71,4477	994,941
73,0574	NaN
74,5571	994,960
76,1688	NaN
77,6697	994,954
79,2799	NaN
80,7794	994,970
82,3879	NaN
83,8885	995,009
85,4967	NaN
86,9961	995,007
88,6032	NaN
90,1043	995,033
91,7137	NaN
93,2149	995,029
94,8263	NaN
96,3289	995,062
97,9375	NaN
99,4395	995,062
101,049	NaN
102,551	995,137
104,159	NaN
105,662	995,174
107,272	NaN
108,773	995,162
110,382	NaN
111,882	995,119
113,491	NaN
114,992	995,129
116,604	NaN
118,105	995,168
119,716	NaN
121,215	995,207
122,826	NaN
124,327	995,196
125,936	NaN
127,437	995,207
129,046	NaN
130,547	995,235
132,155	NaN
133,657	995,227
135,267	NaN
136,768	995,262
138,376	NaN
139,878	995,329
141,486	NaN
142,987	995,325
144,595	NaN
146,096	995,390
147,705	NaN
149,205	995,339
150,815	NaN
152,316	995,447
153,925	NaN
155,426	995,413
157,036	NaN
158,537	995,466
160,149	NaN
161,649	995,492
163,258	NaN
164,760	995,533
166,369	NaN
167,870	995,562
169,481	NaN
170,983	995,539
172,594	NaN
174,095	995,580
175,704	NaN
177,205	995,562
178,813	NaN
180,314	995,572
181,923	NaN
183,424	995,605
185,032	NaN
186,534	995,629
188,144	NaN
189,644	995,582
191,252	NaN
192,754	995,658
194,362	NaN
195,863	959,493
197,474	NaN
198,975	933,921
200,586	NaN
202,086	933,925
203,695	NaN
205,197	933,935
206,806	NaN
208,307	933,874
209,915	NaN
211,417	933,925
213,031	NaN
214,532	933,912
216,141	NaN
217,642	933,918
219,254	NaN
220,755	933,892
222,363	NaN
223,865	933,898
225,476	NaN
226,976	933,949
228,586	NaN
230,088	933,943
231,699	NaN
233,200	934,569
234,808	NaN
236,309	935,744
237,919	NaN
239,422	936,550
241,031	NaN
242,531	937,734
244,140	NaN
245,640	937,956
247,251	NaN
248,752	939,131
250,362	NaN
251,862	939,974
253,470	NaN
254,972	941,139
256,582	NaN
258,082	941,894
259,692	NaN
261,192	942,375
262,802	NaN
264,303	943,577
265,914	NaN
267,415	944,075
269,023	NaN
270,523	944,923
272,132	NaN
273,632	945,850
275,241	NaN
276,742	946,011
278,352	NaN
279,852	946,307
281,459	NaN
282,961	947,402
284,568	NaN
286,070	948,029
287,678	NaN
289,181	948,651
290,792	NaN
292,292	949,720
293,902	NaN
295,402	950,134
297,011	NaN
298,513	950,805
300,123	NaN
301,624	951,858
303,236	NaN
304,737	952,154
306,344	NaN
307,847	952,740
309,457	NaN
310,959	953,778
312,568	NaN
314,068	954,139
315,676	NaN
317,177	954,419
318,787	NaN
320,286	955,327
321,895	NaN
323,395	956,116
325,005	NaN
326,506	956,685
328,113	NaN
329,615	957,714
331,225	NaN
332,725	958,164
334,335	NaN
335,838	958,432
337,446	NaN
338,949	959,344
340,558	NaN
342,059	960,152
343,670	NaN
345,170	960,392
346,778	NaN
348,281	961,090
349,889	NaN
351,389	962,010
352,998	NaN
354,499	962,306
356,109	NaN
357,609	962,555
359,219	NaN
360,721	963,371
362,331	NaN
363,831	964,230
365,440	NaN
366,943	964,581
368,556	NaN
370,056	965,364
371,666	NaN
373,166	966,211
374,776	NaN
376,277	966,460
377,886	NaN
379,387	967,058
380,997	NaN
382,498	968,023
384,106	NaN
385,607	968,427
387,216	NaN
388,717	968,880
390,327	NaN
391,828	969,824
393,438	NaN
394,939	970,373
396,548	NaN
398,048	970,496
399,658	NaN
401,159	970,769
402,769	NaN
404,270	971,695
405,880	NaN
407,383	972,422
408,993	NaN
410,494	972,879
412,103	NaN
413,604	973,758
415,217	NaN
416,718	974,413
418,328	NaN
419,829	974,600
421,436	NaN
422,937	975,121
424,546	NaN
426,048	976,059
427,657	NaN
429,159	976,559
430,770	NaN
432,272	976,800
433,882	NaN
435,383	977,467
436,994	NaN
438,495	978,246
440,104	NaN
441,605	978,607
443,215	NaN
444,715	978,740
446,324	NaN
447,825	979,330
449,435	NaN
450,937	980,266
452,546	NaN
454,047	980,701
455,658	NaN
457,160	981,052
458,767	NaN
460,269	981,974
461,878	NaN
463,379	982,570
464,987	NaN
466,488	982,845
468,097	NaN
469,597	983,445
471,208	NaN
472,709	984,306
474,316	NaN
475,819	984,734
477,428	NaN
478,929	984,946
480,539	NaN
482,041	985,703
483,650	NaN
485,152	986,452
486,761	NaN
488,262	986,774
489,871	NaN
491,372	986,899
492,983	NaN
494,485	987,466
496,095	NaN
497,595	988,380
499,204	NaN
500,704	988,821
502,314	NaN
503,815	989,308
505,424	NaN
506,923	990,220
508,533	NaN
510,034	990,747
511,644	NaN
513,145	990,908
514,754	NaN
516,255	991,308
517,865	NaN
519,365	992,095
520,975	NaN
522,477	992,754
524,086	NaN
525,586	993,066
527,196	NaN
528,698	993,619
530,307	NaN
531,809	994,454
533,417	NaN
534,918	994,864
536,528	NaN
538,029	995,003
539,639	NaN
541,140	995,211
542,749	NaN
544,250	995,921
545,858	NaN
547,358	996,753
548,968	NaN
550,470	997,029
552,079	NaN
553,580	997,465
555,189	NaN
556,692	998,391
558,300	NaN
559,803	998,926
561,414	999,030
563,022	NaN
564,524	999,316
566,132	NaN
567,634	999,993
569,245	NaN
570,745	1000,74
572,354	NaN
573,856	1001,09
575,465	NaN
576,965	1001,46
578,575	NaN
580,077	1002,11
581,686	NaN
583,188	1002,82
584,795	NaN
586,295	1003,09
587,904	NaN
589,405	1003,18
591,014	NaN
592,515	1003,54
594,123	NaN
595,625	1004,26
597,233	NaN
598,734	1004,96
600,343	NaN
601,845	1005,30
603,454	NaN
604,957	1005,89
606,567	NaN
608,068	1006,68
609,678	NaN
611,179	1007,12
612,788	NaN
614,291	1007,28
615,900	NaN
617,401	1007,70
619,010	NaN
620,512	1008,47
622,122	NaN
623,623	1009,07
625,231	NaN
626,733	1009,33
628,341	NaN
629,843	1009,64
631,452	NaN
632,954	1010,46
634,562	NaN
636,063	1011,01
637,672	NaN
639,172	1011,26
640,781	NaN
642,284	1011,31
643,894	NaN
645,395	1011,49
647,005	NaN
648,506	1012,13
650,116	NaN
651,616	1012,88
653,228	NaN
654,729	1013,27
656,340	NaN
657,840	1013,58
659,452	NaN
660,953	1014,22
662,562	NaN
664,063	1014,91
665,672	NaN
667,175	1015,27
668,784	NaN
670,285	1015,51
671,892	NaN
673,393	1015,98
675,002	NaN
676,504	1016,71
678,114	NaN
679,615	1017,28
681,226	NaN
682,726	1017,45
684,335	NaN
685,837	1017,77
687,446	NaN
688,947	1018,40
690,556	NaN
692,056	1019,06
693,668	NaN
695,169	1019,37
696,778	NaN
698,279	1019,48
699,889	NaN
701,391	1019,73
703,002	NaN
704,503	1020,40
706,113	NaN
707,614	1021,12
709,224	NaN
710,725	1021,42
712,333	NaN
713,834	1017,33
715,444	NaN
716,945	1012,74
718,553	NaN
720,055	1009,03
721,666	NaN
723,168	1004,70
724,778	NaN
726,279	1005,07
727,886	NaN
729,386	1065,38
730,998	NaN
732,498	1084,54
734,107	NaN
735,609	1090,61
737,220	NaN
738,720	1094,72
740,331	NaN
741,831	NaN
743,332	1103,94
744,943	NaN
746,445	1107,38
748,055	NaN
749,556	1111,51
751,166	NaN
752,666	1117,21
754,276	NaN
755,779	1123,17
757,388	NaN
758,889	1126,75
760,497	NaN
761,999	1132,86
763,610	NaN
765,109	1137,70
766,719	NaN
768,219	1141,81
769,829	NaN
771,329	1148,23
772,939	NaN
774,439	1150,39
776,051	NaN
777,551	1155,83
779,162	1158,25
780,773	1158,65
782,382	1162,43
783,991	1165,26
785,599	NaN
787,102	1170,42
788,710	NaN
790,212	1172,68
791,821	NaN
793,322	1177,79
794,931	1178,82
796,541	1180,65
798,152	NaN
799,655	1186,69
801,264	NaN
802,765	1191,03
804,375	1192,17
805,986	NaN
807,487	1196,79
809,100	NaN
810,602	1199,23
812,212	NaN
813,713	1203,14
815,324	NaN
816,824	1207,12
818,434	NaN
819,934	1209,52
821,546	NaN
823,046	1216,76
824,656	NaN
826,157	1219,11
827,768	NaN
829,269	1223,31
830,877	1226,29
832,485	1229,03
834,094	1228,28
835,704	1231,59
837,314	1233,24
838,925	1235,94
840,534	1236,34
842,144	1237,74
843,752	1239,58
845,363	1241,12
846,971	1243,75
848,583	1245,91
850,196	1246,23
851,804	1247,78
853,413	1250,31
855,024	1252,28
856,633	1254,32
858,240	1256,19
859,849	1257,88
861,460	1259,38
863,070	1260,80
864,680	1262,36
866,290	1264,68
867,903	1268,11
869,511	1269,60
871,120	1271,61
872,729	1273,00
874,339	1275,45
875,949	1276,18
877,557	1277,68
879,166	1279,21
880,775	1281,03
882,384	1284,09
883,997	1286,48
885,606	NaN
887,107	1286,95
888,715	1288,65
890,326	1290,36
891,936	1291,56
893,545	1292,54
895,155	1293,52
896,764	1296,42
898,374	1296,96
899,983	1299,05
901,591	1300,86
903,200	1301,62
904,809	1303,68
906,422	1305,10
908,033	1305,35
909,641	1306,90
911,249	NaN
912,752	NaN
914,253	1311,57
915,861	NaN
917,362	1314,27
918,973	1315,28
920,583	NaN
922,085	1317,90
923,693	NaN
925,195	1321,02
926,806	NaN
928,306	1322,70
929,916	1323,96
931,524	NaN
933,024	1326,66
934,634	NaN
936,133	1329,57
937,745	1330,72
939,354	1332,01
940,965	1333,62
942,574	1334,87
944,184	1335,84
945,791	1336,98
947,401	1337,72
949,010	NaN
950,511	1339,63
952,121	NaN
953,623	1341,34
955,230	NaN
956,732	1343,82
958,340	NaN
959,842	1345,90
961,450	NaN
962,952	1347,18
964,561	NaN
966,065	1351,26
967,674	NaN
969,175	1353,87
970,786	NaN
972,285	1354,46
973,893	NaN
975,394	1356,77
977,004	NaN
978,505	1359,74
980,115	NaN
981,618	1361,72
983,228	NaN
984,729	1363,41
986,340	NaN
987,843	NaN
989,344	1365,22
990,956	NaN
992,456	1367,08
994,066	NaN
995,567	1368,38
997,177	NaN
998,676	1370,32
1000,28	NaN
1001,79	1372,48
1003,40	NaN
1004,90	1374,56
1006,51	NaN
1008,01	1375,80
1009,62	NaN
1011,12	1378,49
1012,73	NaN
1014,23	1378,57
1015,84	NaN
1017,34	1381,11
1018,95	1382,52
1020,56	NaN
1022,06	NaN
1023,56	1384,62
1025,17	NaN
1026,67	1386,77
1028,28	NaN
1029,78	1386,75
1031,39	NaN
1032,89	1390,31
1034,50	1390,46
1036,11	1390,65
1037,72	1390,98
1039,33	1392,84
1040,94	1393,49
1042,55	1393,96
1044,16	NaN
1045,66	1394,81
1047,27	1395,77
1048,88	1396,79
1050,49	1396,69
1052,10	NaN
1053,60	1398,74
1055,21	1398,98
1056,82	1399,03
1058,43	NaN
1059,93	1399,78
1061,54	1400,83
1063,15	1402,14
1064,76	1403,03
1066,37	1403,23
1067,98	1403,02
1069,59	1403,80
1071,20	1404,94
1072,81	1406,22
1074,42	1406,43
1076,03	1406,97
1077,64	1407,04
1079,24	1408,89
1080,85	1409,31
1082,46	1410,79
1084,07	1409,15
1085,68	1409,98
1087,29	1410,38
1088,90	1411,35
1090,51	1411,66
1092,12	1411,33
1093,73	1412,67
1095,34	1413,96
1096,95	1414,76
1098,56	1413,81
1100,17	1415,27
1101,78	1416,73
1103,39	1415,89
1105,00	1416,70
1106,60	1417,80
1108,21	1418,96
1109,82	1419,57
1111,43	1418,73
1113,04	1420,01
1114,65	1420,89
1116,26	1421,58
1117,87	1422,97
1119,48	1422,23
1121,09	1423,71
1122,70	1425,13
1124,31	1425,00
1125,92	1425,96
1127,53	1425,36
1129,14	1427,43
1130,75	1427,53
1132,36	1428,04
1133,97	1429,56
1135,58	1429,66
1137,19	1429,53
1138,79	1430,94
1140,40	1431,66
1142,02	1432,03
1143,63	1431,67
1145,23	1431,89
1146,84	1433,63
1148,45	1434,61
1150,06	1433,78
1151,67	1434,27
1153,28	1435,19
1154,89	1435,79
1156,50	1437,04
1158,11	1436,93
1159,72	1436,15
1161,33	1438,06
1162,94	1439,66
1164,55	1439,45
1166,16	1439,57
1167,77	1439,76
1169,38	1440,52
1170,99	1441,84
1172,60	1442,00
1174,21	1442,45
1175,82	1442,43
1177,42	1443,03
1179,04	1443,75
1180,64	1443,83
1182,25	1443,94
1183,86	1443,33
1185,47	1443,79
1187,08	1443,88
1188,69	1445,07
1190,30	1445,87
1191,91	1445,94
1193,52	1446,06
1195,13	1446,97
1196,74	1447,95
1198,35	1448,32
1199,96	1448,23
1201,57	1448,27
1203,18	1449,44
1204,79	1450,07
1206,40	1449,72
1208,01	1448,25
1209,62	1449,87
1211,23	1451,13
1212,83	1451,92
1214,45	1451,75
1216,05	1451,75
1217,66	1452,18
1219,27	1453,44
1220,88	1452,02
1222,49	1452,18
1224,10	1453,43
1225,71	1454,09
1227,32	1453,55
1228,93	1453,12
1230,54	1454,02
1232,15	1454,85
1233,76	1455,36
1235,37	1454,95
1236,98	1454,82
1238,59	1456,05
1240,20	1457,89
1241,81	1457,94
1243,42	1456,64
1245,02	NaN
1246,52	1457,94
1248,13	NaN
1249,64	NaN
1251,14	1458,01
1252,75	NaN
1254,25	1459,98
1255,86	NaN
1257,36	1460,10
1258,97	NaN
1260,47	1460,47
1262,08	NaN
1263,58	1460,38
1265,19	NaN
1266,69	1462,07
1268,30	NaN
1269,80	1464,19
1271,41	NaN
1272,91	1463,54
1274,52	1464,21
1276,13	1465,38
1277,74	1466,20
1279,35	1466,16
1280,96	1466,02
1282,57	1466,91
1284,18	1468,05
1285,79	1467,57
1287,39	1468,27
1289,01	1468,25
1290,62	1468,39
1292,23	1470,02
1293,84	1470,40
1295,45	1469,84
1297,06	1470,15
1298,67	1470,27
1300,27	1471,98
1301,89	1472,37
1303,49	1472,20
1305,11	1472,13
1306,72	1473,25
1308,32	1472,57
1309,93	1474,41
1311,54	1474,16
1313,16	1474,21
1314,76	1474,38
1316,37	1476,20
1317,98	1475,31
1319,59	1474,82
1321,20	1475,99
1322,81	1476,42
1324,42	1476,82
1326,03	1476,46
1327,64	1476,67
1329,25	1478,54
1330,86	1478,63
1332,47	1478,42
1334,08	1478,48
1335,69	1478,12
1337,30	1478,83
1338,91	1479,85
1340,52	1480,47
1342,13	1480,32
1343,73	1480,05
1345,34	1480,52
1346,95	1481,39
1348,56	1482,28
1350,17	1480,96
1351,78	1481,34
1353,39	1482,43
1355,00	1482,58
1356,61	1482,74
1358,22	1482,50
1359,83	1482,55
1361,44	1483,45
1363,05	1484,55
1364,66	1484,61
1366,27	1484,35
1367,88	1484,67
1369,49	1485,51
1371,10	1485,63
1372,71	1485,00
1374,32	1484,80
1375,93	1484,98
1377,54	1485,02
1379,14	1485,72
1380,75	1486,50
1382,36	1486,65
1383,97	1486,57
1385,58	1486,78
1387,19	1486,89
1388,81	1488,33
1390,42	1488,74
1392,02	1488,64
1393,63	1488,30
1395,24	1488,83
1396,85	1490,63
1398,46	1489,32
1400,08	1488,92
1401,69	1489,13
1403,30	1490,71
1404,91	1491,07
1406,52	1489,83
1408,13	1490,30
1409,74	1491,23
1411,35	1490,78
1412,96	1490,24
1414,57	1490,92
1416,18	1491,11
1417,79	1491,92
1419,40	1490,49
1421,01	1490,99
1422,62	1492,36
1424,23	1491,77
1425,84	1490,79
1427,45	1490,79
1429,06	1491,22
1430,67	1492,16
1432,28	1491,86
1433,89	1491,40
1435,50	1492,79
1437,11	1492,86
1438,72	1491,81
1440,33	1492,06
1441,94	1492,76
1443,55	1492,86
1445,16	1492,76
1446,77	1492,65
1448,38	1492,87
1449,99	1493,86
1451,60	1492,82
1453,21	1492,68
1454,82	1492,74
1456,43	1492,95
1458,04	1492,97
1459,65	1492,76
1461,26	1493,09
1462,87	1493,34
1464,48	1493,58
1466,09	1493,06
1467,71	1492,89
1469,31	1494,50
1470,92	1494,88
1472,53	1492,92
1474,14	1493,36
1475,75	1494,49
1477,36	1493,14
1478,97	1492,76
1480,58	1493,42
1482,19	1493,71
1483,80	1492,78
1485,41	1492,74
1487,02	1493,31
1488,63	1494,37
1490,24	1493,08
1491,85	1492,81
1493,46	1494,26
1495,07	1494,78
1496,68	1493,03
1498,29	1492,87
1499,90	1493,46
1501,51	1493,79
1503,12	1493,02
1504,73	1492,83
1506,34	1492,81
1507,95	1480,98
1509,56	1464,94
1511,16	1449,01
1512,77	1421,52
1514,38	1366,29
1515,99	1336,36
1517,60	1313,92
1519,21	1301,28
1520,82	1292,87
1522,43	1286,37
1524,04	1280,53
1525,65	1274,90
1527,26	1271,01
1528,86	1267,42
1530,47	1264,11
1532,08	1260,35
1533,69	1257,54
1535,30	1255,17
1536,91	1252,16
1538,52	1249,90
1540,13	1247,87
1541,74	1245,83
1543,35	1243,62
1544,96	1241,80
1546,57	1239,90
1548,18	1239,07
1549,79	1237,67
1551,40	1236,20
1553,01	1235,61
1554,62	1234,20
1556,23	1233,11
1557,84	1231,86
1559,45	1231,61
1561,05	1230,75
1562,66	1229,69
1564,27	1229,16
1565,88	1228,05
1567,49	1227,48
1569,10	1226,76
1570,71	1225,83
1572,33	1225,48
1573,93	1225,19
1575,55	1224,43
1577,15	1223,82
1578,76	1223,53
1580,37	1223,42
1581,98	1223,17
1583,59	1222,70
1585,20	1222,07
1586,81	1221,65
1588,42	1221,48
1590,03	1221,43
1591,64	1221,35
1593,25	1221,19
1594,86	1220,88
1596,47	1220,47
1598,08	1220,19
1599,69	1219,80
1601,30	1219,55
1602,91	1219,48
1604,52	1219,41
1606,13	1219,38
1607,74	1219,34
1609,35	1219,22
1610,96	1219,16
1612,57	1219,00
1614,18	1218,83
1615,79	1218,61
1617,40	1218,37
1619,00	1218,13
1620,61	1217,91
1622,22	1217,76
1623,83	1217,61
1625,44	1217,54
1627,05	1217,46
1628,66	1217,37
1630,27	1217,29
1631,87	1217,20
1633,48	1217,07
1635,09	1217,07
1636,70	1216,97
1638,31	1216,91
1639,92	1216,85
1641,53	1216,71
1643,14	1216,58
1644,75	1216,55
1646,36	1216,34
1647,97	1216,28
1649,58	1216,14
1651,19	1216,02
1652,80	1216,00
1654,41	1215,92
1656,02	1215,86
1657,63	1215,82
1659,24	1215,80
1660,85	1215,75
1662,46	1215,71
1664,07	1215,62
1665,68	1215,57
1667,29	1215,54
1668,90	1215,53
1670,51	1215,46
1672,12	1215,47
1673,73	1215,45
1675,34	1215,44
1676,95	1215,42
1678,56	1215,39
1680,17	1215,39
1681,78	1215,36
1683,38	1215,35
1684,99	1215,33
1686,60	1215,35
1688,21	1215,35
1689,82	1215,33
1691,43	1215,34
1693,04	1215,33
1694,65	1215,30
1696,26	1215,30
1697,87	1215,31
1699,48	1215,29
1701,08	1215,30
1702,69	1215,31
1704,30	1215,28
1705,91	1215,30
1707,52	1215,29
1709,13	1215,27
1710,74	1215,26
1712,35	1215,27
1713,96	1215,23
1715,57	1215,25
1717,18	1215,24
1718,79	1215,24
1720,40	1215,19
1722,01	1215,24
1723,62	1215,23
1725,22	1215,22
1726,83	1215,21
1728,45	1215,20
1730,05	1215,20
1731,66	1215,22
1733,27	1215,23
1734,88	1215,18
1736,49	1215,17
1738,10	1215,22
1739,71	1215,17
1741,32	1215,16
1742,93	1215,15
1744,54	1215,17
1746,15	1215,13
1747,76	1215,13
1749,36	1215,14
1750,97	1215,13
1752,58	1215,14
1754,19	1215,13
1755,80	1215,16
1757,41	1215,12
1759,02	1215,13
1760,63	1215,14
1762,24	1215,14
1763,85	1215,12
1765,46	1215,15
1767,06	1215,13
1768,67	1215,11
1770,28	1215,10
1771,89	1215,08
1773,50	1215,10
1775,11	1215,14
1776,72	1215,11
1778,33	1215,10
1779,94	1215,12
1781,55	1215,09
1783,16	1215,10
1784,77	1215,08
1786,38	1215,12
1787,99	1215,11
1789,60	1215,13
1791,21	1215,07
1792,82	1215,08
1794,43	1215,05
1796,04	1215,06
1797,64	1215,08
1799,25	1215,07
1800,86	1215,09
1802,47	1215,10
1804,08	1215,07
1805,69	1215,07
1807,30	1215,09
1808,91	1215,05
1810,52	1215,05
1812,13	1215,04
1813,74	1215,06
1815,35	1215,07
1816,96	1215,02
1818,57	1215,00
1820,18	1215,04
1821,79	1214,99
1823,40	1215,02
1825,00	1215,05
1826,61	1214,99
1828,22	1215,02
1829,83	1214,97
1831,44	1215,02
1833,05	1215,01
1834,66	1215,07
1836,27	1215,01
1837,88	1215,02
1839,49	1215,06
